203
KF155002   0.0000000 0.0128290 0.0129256 0.0280031 0.0129256 0.0291215 0.0137590 0.0280057 0.0292034 0.0143365 0.0139628 0.0294187 0.0144590 0.0141725 0.0141725 0.0289298 0.0131966 0.0134727 0.0134727 0.0133791 0.0133782 0.0134791 0.0143626 0.0280035 0.0275421 0.0146888 0.0132844 0.0145625 0.0282157 0.0234033 0.0233130 0.0126337 0.0123413 0.0281198 0.0029819 0.0116314 0.0021176 0.0279453 0.0278181 0.0125523 0.0445105 0.0443868 0.0651648 0.0114422 0.0023874 0.0404298 0.0651648 0.0116291 0.0020434 0.0136771 0.0141455 0.0334493 0.0123625 0.0266130 0.0146421 0.0088805 0.0066800 0.0239800 0.0237840 0.0237660 0.0229443 0.0084246 0.0014410 0.0172772 0.0295417 0.0137614 0.0146393 0.0147831 0.0280088 0.0080927 0.0293053 0.0304938 0.0150880 0.0277577 0.0146017 0.0147853 0.0135760 0.0115290 0.0296297 0.0297553 0.0116056 0.0137583 0.0138075 0.0298551 0.0281899 0.0147462 0.0144740 0.0251760 0.0129357 0.0095887 0.0128290 0.0281635 0.0140768 0.0137264 0.0141769 0.0296464 0.0100577 0.0131993 0.0144579 0.0134728 0.0133782 0.0298410 0.0134937 0.0143742 0.0296276 0.0133791 0.0133655 0.0293970 0.0133964 0.0285663 0.0131966 0.0143488 0.0281907 0.0135547 0.0135553 0.0146427 0.0140418 0.0135593 0.0135555 0.0282975 0.0289937 0.0289964 0.0289937 0.0297384 0.0135566 0.0136594 0.0137930 0.0302723 0.0150755 0.0284112 0.0299831 0.0146510 0.0291012 0.0148986 0.0155443 0.0298443 0.0298456 0.0141539 0.0136521 0.0147473 0.0299511 0.0076360 0.0140648 0.0300552 0.0148842 0.0293795 0.0277030 0.0280035 0.0277080 0.0299479 0.0297993 0.0293168 0.0145007 0.0139789 0.0149796 0.0135734 0.0136559 0.0131896 0.0137539 0.0138591 0.0290998 0.0148819 0.0148819 0.0146631 0.0146672 0.0135795 0.0137583 0.0136617 0.0137611 0.0146561 0.0299593 0.0145707 0.0280088 0.0137595 0.0144643 0.0277911 0.0298171 0.0284609 0.0106645 0.0119756 0.0018627 0.0147479 0.0095622 0.0130504 0.0109932 0.0133943 0.0066514 0.0138243 0.0134222 0.0137333 0.0153514 0.0133908 0.0157267 0.0043822 0.0133199 0.0040665 0.0057963 0.0121576 0.0270083 0.0133412 0.0302575 0.0160234 0.0115157 
KR534217   0.0128290 0.0000000 0.0000839 0.0272682 0.0000839 0.0283808 0.0043127 0.0274938 0.0284604 0.0040210 0.0040209 0.0286774 0.0041064 0.0038455 0.0038455 0.0285228 0.0032405 0.0031510 0.0031510 0.0030650 0.0030648 0.0031525 0.0040191 0.0272686 0.0263907 0.0043928 0.0029788 0.0041955 0.0274799 0.0225482 0.0222438 0.0004209 0.0019489 0.0269579 0.0122893 0.0115353 0.0125424 0.0275355 0.0268682 0.0053485 0.0440165 0.0440267 0.0637886 0.0113456 0.0129989 0.0407691 0.0637886 0.0115331 0.0122353 0.0035005 0.0040216 0.0356696 0.0030068 0.0278178 0.0042837 0.0108809 0.0119481 0.0231144 0.0227137 0.0226965 0.0221525 0.0113599 0.0124028 0.0222474 0.0286981 0.0034111 0.0042829 0.0044800 0.0272737 0.0049811 0.0283496 0.0293149 0.0047481 0.0266162 0.0041319 0.0043050 0.0032390 0.0004203 0.0284572 0.0290121 0.0014390 0.0034105 0.0045482 0.0284552 0.0268217 0.0199537 0.0042852 0.0245109 0.0002519 0.0027589 0.0000010 0.0274266 0.0037576 0.0033432 0.0039343 0.0284733 0.0053727 0.0028904 0.0041061 0.0031511 0.0030648 0.0286671 0.0033289 0.0040222 0.0284553 0.0030650 0.0032403 0.0286664 0.0034160 0.0281591 0.0035871 0.0040418 0.0268224 0.0034133 0.0034134 0.0044609 0.0037571 0.0034144 0.0034135 0.0269283 0.0282567 0.0282593 0.0282567 0.0285650 0.0034138 0.0035018 0.0038555 0.0290953 0.0046445 0.0270407 0.0290255 0.0044638 0.0281494 0.0046360 0.0053672 0.0286702 0.0286715 0.0037618 0.0035004 0.0045514 0.0287764 0.0059787 0.0039363 0.0288798 0.0049228 0.0285325 0.0275116 0.0272686 0.0273032 0.0287732 0.0288519 0.0287907 0.0040431 0.0045960 0.0044810 0.0035848 0.0035014 0.0028926 0.0037573 0.0036730 0.0283570 0.0043928 0.0043928 0.0042844 0.0042856 0.0033271 0.0034105 0.0033236 0.0034111 0.0042821 0.0287841 0.0041980 0.0272737 0.0034107 0.0041470 0.0265366 0.0288691 0.0270877 0.0060140 0.0073001 0.0130340 0.0053353 0.0048349 0.0048117 0.0042502 0.0049763 0.0057483 0.0052232 0.0057581 0.0047809 0.0052499 0.0049608 0.0063842 0.0124873 0.0046574 0.0131934 0.0128928 0.0046186 0.0240529 0.0049247 0.0295048 0.0066621 0.0036969 
KR534218   0.0129256 0.0000839 0.0000000 0.0271573 0.0000010 0.0282687 0.0044012 0.0273823 0.0283480 0.0039335 0.0039334 0.0285650 0.0040189 0.0037572 0.0037572 0.0284101 0.0031537 0.0030644 0.0030644 0.0029784 0.0029782 0.0030658 0.0039317 0.0271577 0.0262808 0.0043045 0.0028923 0.0041078 0.0273688 0.0224421 0.0221381 0.0003357 0.0018633 0.0268470 0.0123856 0.0114406 0.0126387 0.0274243 0.0267574 0.0052596 0.0438868 0.0438976 0.0636368 0.0112504 0.0130962 0.0406435 0.0636368 0.0114385 0.0123318 0.0034135 0.0039341 0.0355491 0.0029194 0.0277045 0.0041959 0.0107845 0.0120437 0.0230080 0.0226076 0.0225905 0.0220471 0.0112653 0.0124994 0.0221418 0.0285856 0.0033242 0.0041952 0.0043917 0.0271629 0.0048912 0.0282376 0.0292019 0.0046595 0.0265060 0.0040438 0.0042169 0.0031522 0.0003362 0.0283451 0.0288994 0.0013537 0.0033236 0.0044602 0.0283431 0.0267113 0.0198422 0.0041974 0.0244015 0.0001679 0.0026714 0.0000839 0.0273155 0.0036704 0.0032559 0.0038459 0.0283611 0.0052819 0.0028040 0.0040186 0.0030644 0.0029782 0.0285548 0.0032419 0.0039347 0.0283431 0.0029784 0.0031535 0.0285537 0.0033290 0.0280472 0.0035000 0.0039538 0.0267121 0.0033264 0.0033265 0.0043729 0.0036700 0.0033274 0.0033265 0.0268178 0.0281448 0.0281474 0.0281448 0.0284528 0.0033268 0.0034148 0.0037670 0.0289825 0.0045563 0.0269301 0.0289128 0.0043757 0.0280377 0.0045479 0.0052780 0.0285579 0.0285592 0.0036735 0.0034134 0.0044633 0.0286639 0.0058877 0.0038488 0.0287673 0.0048341 0.0284197 0.0274004 0.0271577 0.0271918 0.0286608 0.0287392 0.0286783 0.0039551 0.0045070 0.0043927 0.0034977 0.0034143 0.0028061 0.0036701 0.0035858 0.0282450 0.0043046 0.0043046 0.0041967 0.0041978 0.0032402 0.0033236 0.0032368 0.0033243 0.0041943 0.0286716 0.0041103 0.0271629 0.0033238 0.0040586 0.0264264 0.0287562 0.0269769 0.0059122 0.0071712 0.0131310 0.0053353 0.0047293 0.0047219 0.0041491 0.0048626 0.0056000 0.0051336 0.0056638 0.0046917 0.0051599 0.0048499 0.0062793 0.0125874 0.0045672 0.0132916 0.0129927 0.0045133 0.0239275 0.0048170 0.0293852 0.0064802 0.0036026 
KR534219   0.0280031 0.0272682 0.0271573 0.0000000 0.0271573 0.0018639 0.0292869 0.0053498 0.0019542 0.0288333 0.0287477 0.0021188 0.0284412 0.0281222 0.0281222 0.0023016 0.0278824 0.0276872 0.0276872 0.0276416 0.0276397 0.0277589 0.0283331 0.0010112 0.0119018 0.0287233 0.0275358 0.0285659 0.0005034 0.0274201 0.0271058 0.0273566 0.0264823 0.0102887 0.0273191 0.0269851 0.0275289 0.0014379 0.0100178 0.0265575 0.0416999 0.0414872 0.0597544 0.0268992 0.0283916 0.0398953 0.0597544 0.0269787 0.0275214 0.0281440 0.0288405 0.0375257 0.0265398 0.0040997 0.0290778 0.0262281 0.0271116 0.0275755 0.0275857 0.0275644 0.0267347 0.0265023 0.0273863 0.0122551 0.0050729 0.0280727 0.0290720 0.0288268 0.0010114 0.0137144 0.0047176 0.0053324 0.0293958 0.0120013 0.0288496 0.0290441 0.0278704 0.0258252 0.0048053 0.0023764 0.0260956 0.0280649 0.0285790 0.0048983 0.0119075 0.0119714 0.0286842 0.0105552 0.0274044 0.0264553 0.0272682 0.0012676 0.0280155 0.0280670 0.0282438 0.0046329 0.0271835 0.0276733 0.0284388 0.0277452 0.0276397 0.0048049 0.0278988 0.0283572 0.0046303 0.0276416 0.0276135 0.0050852 0.0281178 0.0050716 0.0280961 0.0282966 0.0119079 0.0278248 0.0276132 0.0286420 0.0284929 0.0278346 0.0278264 0.0120015 0.0047124 0.0047128 0.0047124 0.0048935 0.0278289 0.0279541 0.0285808 0.0051559 0.0291540 0.0121908 0.0050753 0.0286553 0.0046249 0.0293389 0.0298821 0.0051564 0.0050691 0.0283094 0.0279372 0.0287628 0.0050686 0.0057918 0.0279919 0.0049801 0.0296024 0.0049216 0.0017772 0.0010112 0.0011860 0.0048924 0.0052567 0.0023760 0.0287312 0.0288577 0.0290468 0.0282896 0.0279455 0.0274297 0.0284945 0.0284089 0.0048062 0.0291521 0.0291521 0.0286786 0.0286872 0.0279898 0.0280649 0.0279553 0.0278575 0.0286680 0.0049815 0.0285801 0.0010114 0.0280687 0.0288587 0.0120125 0.0050828 0.0121169 0.0267529 0.0266190 0.0284661 0.0300916 0.0252301 0.0285329 0.0270573 0.0268127 0.0255332 0.0287199 0.0289258 0.0286193 0.0290785 0.0281280 0.0297009 0.0290971 0.0281298 0.0285035 0.0305542 0.0277916 0.0113049 0.0279626 0.0079111 0.0319097 0.0264245 
KR534220   0.0129256 0.0000839 0.0000010 0.0271573 0.0000000 0.0282687 0.0044012 0.0273823 0.0283480 0.0039335 0.0039334 0.0285650 0.0040189 0.0037572 0.0037572 0.0284101 0.0031537 0.0030644 0.0030644 0.0029784 0.0029782 0.0030658 0.0039317 0.0271577 0.0262808 0.0043045 0.0028923 0.0041078 0.0273688 0.0224421 0.0221381 0.0003357 0.0018633 0.0268470 0.0123856 0.0114406 0.0126387 0.0274243 0.0267574 0.0052596 0.0438868 0.0438976 0.0636368 0.0112504 0.0130962 0.0406435 0.0636368 0.0114385 0.0123318 0.0034135 0.0039341 0.0355491 0.0029194 0.0277045 0.0041959 0.0107845 0.0120437 0.0230080 0.0226076 0.0225905 0.0220471 0.0112653 0.0124994 0.0221418 0.0285856 0.0033242 0.0041952 0.0043917 0.0271629 0.0048912 0.0282376 0.0292019 0.0046595 0.0265060 0.0040438 0.0042169 0.0031522 0.0003362 0.0283451 0.0288994 0.0013537 0.0033236 0.0044602 0.0283431 0.0267113 0.0198422 0.0041974 0.0244015 0.0001679 0.0026714 0.0000839 0.0273155 0.0036704 0.0032559 0.0038459 0.0283611 0.0052819 0.0028040 0.0040186 0.0030644 0.0029782 0.0285548 0.0032419 0.0039347 0.0283431 0.0029784 0.0031535 0.0285537 0.0033290 0.0280472 0.0035000 0.0039538 0.0267121 0.0033264 0.0033265 0.0043729 0.0036700 0.0033274 0.0033265 0.0268178 0.0281448 0.0281474 0.0281448 0.0284528 0.0033268 0.0034148 0.0037670 0.0289825 0.0045563 0.0269301 0.0289128 0.0043757 0.0280377 0.0045479 0.0052780 0.0285579 0.0285592 0.0036735 0.0034134 0.0044633 0.0286639 0.0058877 0.0038488 0.0287673 0.0048341 0.0284197 0.0274004 0.0271577 0.0271918 0.0286608 0.0287392 0.0286783 0.0039551 0.0045070 0.0043927 0.0034977 0.0034143 0.0028061 0.0036701 0.0035858 0.0282450 0.0043046 0.0043046 0.0041967 0.0041978 0.0032402 0.0033236 0.0032368 0.0033243 0.0041943 0.0286716 0.0041103 0.0271629 0.0033238 0.0040586 0.0264264 0.0287562 0.0269769 0.0059122 0.0071712 0.0131310 0.0053353 0.0047293 0.0047219 0.0041491 0.0048626 0.0056000 0.0051336 0.0056638 0.0046917 0.0051599 0.0048499 0.0062793 0.0125874 0.0045672 0.0132916 0.0129927 0.0045133 0.0239275 0.0048170 0.0293852 0.0064802 0.0036026 
KR534228   0.0291215 0.0283808 0.0282687 0.0018639 0.0282687 0.0000000 0.0303992 0.0058876 0.0000842 0.0299592 0.0298734 0.0002519 0.0295637 0.0292419 0.0292419 0.0004215 0.0289751 0.0288024 0.0288024 0.0287556 0.0287536 0.0288718 0.0294546 0.0008433 0.0124849 0.0298473 0.0286489 0.0296847 0.0018638 0.0281010 0.0277901 0.0284609 0.0275858 0.0109656 0.0284088 0.0280897 0.0286437 0.0007581 0.0106845 0.0276408 0.0426796 0.0424996 0.0606511 0.0279868 0.0292799 0.0408628 0.0606511 0.0280829 0.0286407 0.0292644 0.0299668 0.0384784 0.0276303 0.0022469 0.0301977 0.0273294 0.0281968 0.0282530 0.0282719 0.0282500 0.0273924 0.0275803 0.0284789 0.0132222 0.0056064 0.0291910 0.0302007 0.0299543 0.0008433 0.0145965 0.0052527 0.0058713 0.0305035 0.0125818 0.0299694 0.0301738 0.0289757 0.0269255 0.0053410 0.0005049 0.0271968 0.0291828 0.0296919 0.0054352 0.0124909 0.0119922 0.0298098 0.0115039 0.0284952 0.0275710 0.0283808 0.0019511 0.0291342 0.0291871 0.0293563 0.0051639 0.0281870 0.0287887 0.0295612 0.0288601 0.0287536 0.0053406 0.0289921 0.0294546 0.0051649 0.0287556 0.0285143 0.0056228 0.0292132 0.0056093 0.0291905 0.0293988 0.0124912 0.0289396 0.0287261 0.0297663 0.0296149 0.0289412 0.0289412 0.0125854 0.0054233 0.0054233 0.0054233 0.0054298 0.0289412 0.0290624 0.0296870 0.0056937 0.0302848 0.0127761 0.0058749 0.0297798 0.0053350 0.0304685 0.0310188 0.0056943 0.0056065 0.0294306 0.0290533 0.0298883 0.0056060 0.0065198 0.0291097 0.0055168 0.0307288 0.0054569 0.0017799 0.0008433 0.0010174 0.0054286 0.0057920 0.0005048 0.0298556 0.0299647 0.0301738 0.0294013 0.0290533 0.0285417 0.0296165 0.0295086 0.0053420 0.0302827 0.0302827 0.0298041 0.0298041 0.0290834 0.0291828 0.0290720 0.0289651 0.0297932 0.0055183 0.0297050 0.0008435 0.0291868 0.0299916 0.0125871 0.0056217 0.0127003 0.0278592 0.0280141 0.0295899 0.0312700 0.0263798 0.0296567 0.0283006 0.0280690 0.0269683 0.0298282 0.0299753 0.0297270 0.0301947 0.0292320 0.0309947 0.0302454 0.0292468 0.0296144 0.0315932 0.0293471 0.0118612 0.0291653 0.0085867 0.0339860 0.0275895 
KR534229   0.0137590 0.0043127 0.0044012 0.0292869 0.0044012 0.0303992 0.0000000 0.0289739 0.0304022 0.0015317 0.0005936 0.0307265 0.0048352 0.0045710 0.0045710 0.0302905 0.0031702 0.0033445 0.0033445 0.0032578 0.0032576 0.0033445 0.0047468 0.0292873 0.0283894 0.0051283 0.0031709 0.0049249 0.0295030 0.0246160 0.0245706 0.0045815 0.0029971 0.0287620 0.0134859 0.0134042 0.0138554 0.0294209 0.0286468 0.0071662 0.0458425 0.0455182 0.0667750 0.0133635 0.0141400 0.0431412 0.0667750 0.0134004 0.0135786 0.0036095 0.0014460 0.0376255 0.0032679 0.0292352 0.0009345 0.0126964 0.0132380 0.0254493 0.0250283 0.0250283 0.0242316 0.0134066 0.0136653 0.0240426 0.0303861 0.0036066 0.0009346 0.0052170 0.0292873 0.0059695 0.0301723 0.0311576 0.0054848 0.0283848 0.0048637 0.0050399 0.0036063 0.0026578 0.0302833 0.0310664 0.0027404 0.0036059 0.0051929 0.0305116 0.0288306 0.0207419 0.0050165 0.0263088 0.0044012 0.0058073 0.0043127 0.0294267 0.0044830 0.0035392 0.0045713 0.0302744 0.0054627 0.0030863 0.0048348 0.0033445 0.0032576 0.0304970 0.0034317 0.0047468 0.0302748 0.0032578 0.0034346 0.0301588 0.0033442 0.0297477 0.0035184 0.0046654 0.0288314 0.0036089 0.0036091 0.0051950 0.0038673 0.0036091 0.0036091 0.0289395 0.0302966 0.0302966 0.0302966 0.0303933 0.0036091 0.0038734 0.0037798 0.0309334 0.0053820 0.0288406 0.0310833 0.0051983 0.0301871 0.0022213 0.0061159 0.0306085 0.0305017 0.0039603 0.0036978 0.0052871 0.0306085 0.0071045 0.0046637 0.0307137 0.0053949 0.0301116 0.0293057 0.0292873 0.0290641 0.0306051 0.0304298 0.0308415 0.0047745 0.0052261 0.0052177 0.0036933 0.0036978 0.0030840 0.0036922 0.0036922 0.0301713 0.0051288 0.0051288 0.0050161 0.0050161 0.0034317 0.0036059 0.0036929 0.0036057 0.0050133 0.0307223 0.0049287 0.0292930 0.0036061 0.0047749 0.0285100 0.0304904 0.0290973 0.0069525 0.0088307 0.0141590 0.0063858 0.0050442 0.0055276 0.0050764 0.0048579 0.0052960 0.0059547 0.0067204 0.0056889 0.0060573 0.0053970 0.0067930 0.0137050 0.0056471 0.0141913 0.0141071 0.0050564 0.0258592 0.0049189 0.0316779 0.0073887 0.0046559 
KR534230   0.0280057 0.0274938 0.0273823 0.0053498 0.0273823 0.0058876 0.0289739 0.0000000 0.0059761 0.0287376 0.0283225 0.0061528 0.0286735 0.0283527 0.0283527 0.0058069 0.0274412 0.0277009 0.0277009 0.0276550 0.0276531 0.0277591 0.0285647 0.0051732 0.0123331 0.0289549 0.0275488 0.0287936 0.0053496 0.0277926 0.0277553 0.0272479 0.0267031 0.0112702 0.0273105 0.0274207 0.0277560 0.0050912 0.0109907 0.0270777 0.0421086 0.0420312 0.0600468 0.0271371 0.0285114 0.0405240 0.0600468 0.0274141 0.0278825 0.0279449 0.0285232 0.0375914 0.0264488 0.0077178 0.0290888 0.0267793 0.0271811 0.0282194 0.0282164 0.0282164 0.0269281 0.0267098 0.0276234 0.0100361 0.0014402 0.0280880 0.0290917 0.0290617 0.0051732 0.0139226 0.0012695 0.0022096 0.0296173 0.0125200 0.0290762 0.0292803 0.0278738 0.0258255 0.0016959 0.0064217 0.0262085 0.0280802 0.0283722 0.0018673 0.0126122 0.0148577 0.0285969 0.0115054 0.0273893 0.0266456 0.0274938 0.0052680 0.0282454 0.0280823 0.0283525 0.0015253 0.0270862 0.0274609 0.0286711 0.0277591 0.0276531 0.0016958 0.0277890 0.0285729 0.0013545 0.0276550 0.0276268 0.0011846 0.0276548 0.0012699 0.0276548 0.0285248 0.0126125 0.0278390 0.0276265 0.0286598 0.0283961 0.0278406 0.0278406 0.0127070 0.0056161 0.0056161 0.0056161 0.0017815 0.0278406 0.0279606 0.0281972 0.0020379 0.0293909 0.0128983 0.0060701 0.0288889 0.0055274 0.0293597 0.0299078 0.0018670 0.0019527 0.0281109 0.0279519 0.0289971 0.0019525 0.0042874 0.0282215 0.0018667 0.0293850 0.0013579 0.0051763 0.0051732 0.0048290 0.0017812 0.0017840 0.0060646 0.0289629 0.0288764 0.0292803 0.0280828 0.0279519 0.0274422 0.0280696 0.0281822 0.0014399 0.0293889 0.0293889 0.0286990 0.0286990 0.0278754 0.0280802 0.0279701 0.0278636 0.0289018 0.0016108 0.0288135 0.0051741 0.0280840 0.0289003 0.0125310 0.0016104 0.0128212 0.0268967 0.0270907 0.0284704 0.0301188 0.0253678 0.0283274 0.0269622 0.0262884 0.0260857 0.0282080 0.0286132 0.0283211 0.0289853 0.0278859 0.0298446 0.0289021 0.0281431 0.0282066 0.0302480 0.0278185 0.0114320 0.0278488 0.0078264 0.0323735 0.0261074 
KR534231   0.0292034 0.0284604 0.0283480 0.0019542 0.0283480 0.0000842 0.0304022 0.0059761 0.0000000 0.0300437 0.0299576 0.0003367 0.0296469 0.0293241 0.0293241 0.0005070 0.0290620 0.0288833 0.0288833 0.0288363 0.0288343 0.0289411 0.0295375 0.0009303 0.0126122 0.0299315 0.0287292 0.0297684 0.0019541 0.0281324 0.0278681 0.0285408 0.0276629 0.0110881 0.0284941 0.0281681 0.0287241 0.0008449 0.0108079 0.0275094 0.0426840 0.0425059 0.0608403 0.0279896 0.0292828 0.0409866 0.0608403 0.0281613 0.0286380 0.0293468 0.0300514 0.0385044 0.0276330 0.0022471 0.0302830 0.0273294 0.0282811 0.0283323 0.0283293 0.0283293 0.0274743 0.0276625 0.0284817 0.0133526 0.0057104 0.0292730 0.0302860 0.0300389 0.0009303 0.0145979 0.0053545 0.0059752 0.0305957 0.0127095 0.0300541 0.0302590 0.0290571 0.0270007 0.0054431 0.0005907 0.0272728 0.0292647 0.0297756 0.0055376 0.0126182 0.0119910 0.0298939 0.0115050 0.0285807 0.0276250 0.0284604 0.0020422 0.0292161 0.0292692 0.0294389 0.0052663 0.0281898 0.0288696 0.0296445 0.0289411 0.0288343 0.0054426 0.0290791 0.0295431 0.0052654 0.0288363 0.0285942 0.0057107 0.0292781 0.0057123 0.0292781 0.0294018 0.0126186 0.0290208 0.0288066 0.0298501 0.0296982 0.0290224 0.0290224 0.0127131 0.0055255 0.0055255 0.0055255 0.0055322 0.0290224 0.0291440 0.0297202 0.0057970 0.0303704 0.0129045 0.0059788 0.0298637 0.0054370 0.0305545 0.0311066 0.0057976 0.0057094 0.0295134 0.0291349 0.0299726 0.0057089 0.0065379 0.0291915 0.0056194 0.0308158 0.0053686 0.0018698 0.0009303 0.0011025 0.0055310 0.0057187 0.0005907 0.0299399 0.0299677 0.0302590 0.0294840 0.0291349 0.0286218 0.0296998 0.0295944 0.0054431 0.0303683 0.0303683 0.0298881 0.0298881 0.0291707 0.0292647 0.0291537 0.0290464 0.0298772 0.0056210 0.0297888 0.0009305 0.0292688 0.0299888 0.0127170 0.0057101 0.0128273 0.0278711 0.0280141 0.0296734 0.0312741 0.0263798 0.0296540 0.0283128 0.0280690 0.0269683 0.0298426 0.0299873 0.0297414 0.0301977 0.0292320 0.0309947 0.0302574 0.0291396 0.0296288 0.0316090 0.0293603 0.0118612 0.0291653 0.0086835 0.0339860 0.0276007 
KR534232   0.0143365 0.0040210 0.0039335 0.0288333 0.0039335 0.0299592 0.0015317 0.0287376 0.0300437 0.0000000 0.0012659 0.0302576 0.0042796 0.0040183 0.0040183 0.0299942 0.0028917 0.0028894 0.0028894 0.0028036 0.0028035 0.0028907 0.0041922 0.0288338 0.0279466 0.0046512 0.0027177 0.0043688 0.0290471 0.0241590 0.0239599 0.0042874 0.0025458 0.0285250 0.0140807 0.0131139 0.0143346 0.0291031 0.0284352 0.0068513 0.0452725 0.0451492 0.0661113 0.0131231 0.0147084 0.0423457 0.0661113 0.0131113 0.0140329 0.0032375 0.0002517 0.0373207 0.0029165 0.0293052 0.0014363 0.0123937 0.0134430 0.0248370 0.0244323 0.0244137 0.0239613 0.0131267 0.0141999 0.0236503 0.0300600 0.0031486 0.0014361 0.0047385 0.0288393 0.0056911 0.0297103 0.0306840 0.0050071 0.0280620 0.0043902 0.0045634 0.0031495 0.0022950 0.0298189 0.0305965 0.0022914 0.0031480 0.0047222 0.0300446 0.0283819 0.0212250 0.0044588 0.0259593 0.0040241 0.0055930 0.0040210 0.0289960 0.0039313 0.0030785 0.0041070 0.0298357 0.0057320 0.0027201 0.0042793 0.0028894 0.0028035 0.0300304 0.0030663 0.0041954 0.0298168 0.0028036 0.0029782 0.0299186 0.0030663 0.0294046 0.0032369 0.0042155 0.0283827 0.0031506 0.0031508 0.0046347 0.0034933 0.0031516 0.0031508 0.0284896 0.0298323 0.0298351 0.0298323 0.0299277 0.0031510 0.0034118 0.0035026 0.0304622 0.0048189 0.0286036 0.0306103 0.0046377 0.0297240 0.0007582 0.0056270 0.0300337 0.0300350 0.0034969 0.0032375 0.0047255 0.0301407 0.0068761 0.0041094 0.0302449 0.0050929 0.0298998 0.0289668 0.0288338 0.0287617 0.0301374 0.0301045 0.0303725 0.0043012 0.0048557 0.0047396 0.0033217 0.0032383 0.0026317 0.0034067 0.0033225 0.0297182 0.0046513 0.0046513 0.0044580 0.0044592 0.0030644 0.0031480 0.0032340 0.0031486 0.0044555 0.0301489 0.0043715 0.0288393 0.0031482 0.0044062 0.0280933 0.0301224 0.0286536 0.0067159 0.0083117 0.0147366 0.0063769 0.0051443 0.0052526 0.0048499 0.0042942 0.0055888 0.0057518 0.0063142 0.0053974 0.0056915 0.0048442 0.0062707 0.0142506 0.0051905 0.0149187 0.0147481 0.0048226 0.0252173 0.0043841 0.0311797 0.0066487 0.0042574 
KR534233   0.0139628 0.0040209 0.0039334 0.0287477 0.0039334 0.0298734 0.0005936 0.0283225 0.0299576 0.0012659 0.0000000 0.0301717 0.0045379 0.0042763 0.0042763 0.0296837 0.0028052 0.0030617 0.0030617 0.0029758 0.0029756 0.0030631 0.0044504 0.0287481 0.0276478 0.0048272 0.0028897 0.0046274 0.0289615 0.0239653 0.0238749 0.0040251 0.0027176 0.0282266 0.0137082 0.0128413 0.0140589 0.0286907 0.0281368 0.0067615 0.0452957 0.0451680 0.0656221 0.0128486 0.0144282 0.0423642 0.0656221 0.0128388 0.0138523 0.0032375 0.0010963 0.0368800 0.0028295 0.0291033 0.0005891 0.0122103 0.0130723 0.0247520 0.0243473 0.0243288 0.0235621 0.0128538 0.0139234 0.0234575 0.0296451 0.0033213 0.0005890 0.0049146 0.0287536 0.0055101 0.0294084 0.0305980 0.0051838 0.0278637 0.0045658 0.0047392 0.0033223 0.0022948 0.0297331 0.0305105 0.0023772 0.0033207 0.0048059 0.0299587 0.0282963 0.0208038 0.0046300 0.0257626 0.0039364 0.0054135 0.0040209 0.0289102 0.0041891 0.0032530 0.0042777 0.0297499 0.0055503 0.0028058 0.0045376 0.0030617 0.0029756 0.0299446 0.0030662 0.0044538 0.0297310 0.0029758 0.0031508 0.0295004 0.0029796 0.0289888 0.0031501 0.0043870 0.0282971 0.0033235 0.0033236 0.0048939 0.0035797 0.0033245 0.0033236 0.0284041 0.0297465 0.0297493 0.0297465 0.0298418 0.0033239 0.0035852 0.0034153 0.0303763 0.0050787 0.0283060 0.0305243 0.0048970 0.0296382 0.0019488 0.0058046 0.0299479 0.0299492 0.0036703 0.0034104 0.0049849 0.0300548 0.0066990 0.0043677 0.0301590 0.0050039 0.0294832 0.0285523 0.0287481 0.0284541 0.0300515 0.0299031 0.0300694 0.0044767 0.0048555 0.0049157 0.0033216 0.0034113 0.0028037 0.0033198 0.0034086 0.0294161 0.0048272 0.0048272 0.0047168 0.0047180 0.0031505 0.0033207 0.0034069 0.0033214 0.0047142 0.0300630 0.0046302 0.0287536 0.0033209 0.0044062 0.0278972 0.0299209 0.0285679 0.0065183 0.0081835 0.0143615 0.0059089 0.0048280 0.0051623 0.0045460 0.0045190 0.0053031 0.0055729 0.0062196 0.0052189 0.0056911 0.0050647 0.0064789 0.0139624 0.0051901 0.0144429 0.0143625 0.0046120 0.0252131 0.0045974 0.0309449 0.0064689 0.0041627 
KR534234   0.0294187 0.0286774 0.0285650 0.0021188 0.0285650 0.0002519 0.0307265 0.0061528 0.0003367 0.0302576 0.0301717 0.0000000 0.0298616 0.0295393 0.0295393 0.0006764 0.0292969 0.0290992 0.0290992 0.0290522 0.0290502 0.0291712 0.0297523 0.0010968 0.0127571 0.0301487 0.0289453 0.0299886 0.0021187 0.0284033 0.0280866 0.0287659 0.0278809 0.0112368 0.0287300 0.0283845 0.0289405 0.0010120 0.0109640 0.0279602 0.0430350 0.0428152 0.0609886 0.0283074 0.0296042 0.0412085 0.0609886 0.0283776 0.0289388 0.0295621 0.0302653 0.0388196 0.0279518 0.0025090 0.0305056 0.0276542 0.0285167 0.0285579 0.0285685 0.0285464 0.0277113 0.0278982 0.0288009 0.0134966 0.0058719 0.0294882 0.0304995 0.0302531 0.0010969 0.0148878 0.0055131 0.0061327 0.0308295 0.0128578 0.0302774 0.0304728 0.0292842 0.0272205 0.0056016 0.0007577 0.0274917 0.0294798 0.0300020 0.0056961 0.0127631 0.0122847 0.0301082 0.0117870 0.0288166 0.0278726 0.0286774 0.0022081 0.0294315 0.0294847 0.0296628 0.0054283 0.0285146 0.0290856 0.0298591 0.0291568 0.0290502 0.0056011 0.0293141 0.0297777 0.0054252 0.0290522 0.0288103 0.0058862 0.0295358 0.0058704 0.0295128 0.0297235 0.0127635 0.0292362 0.0290223 0.0300643 0.0299125 0.0292465 0.0292378 0.0128578 0.0056837 0.0056841 0.0056837 0.0056905 0.0292405 0.0293680 0.0300053 0.0059548 0.0305840 0.0130488 0.0061364 0.0300779 0.0055953 0.0307673 0.0313187 0.0059554 0.0058675 0.0297282 0.0293501 0.0301866 0.0058669 0.0067921 0.0294068 0.0057776 0.0310380 0.0057234 0.0020349 0.0010968 0.0012722 0.0056893 0.0060583 0.0007575 0.0301571 0.0302906 0.0304756 0.0297076 0.0293588 0.0288380 0.0299142 0.0298287 0.0056026 0.0305819 0.0305819 0.0301024 0.0301114 0.0294055 0.0294798 0.0293689 0.0292705 0.0300915 0.0057792 0.0300034 0.0010969 0.0294839 0.0302917 0.0128698 0.0058834 0.0129757 0.0282209 0.0284709 0.0298881 0.0315567 0.0267562 0.0299766 0.0286673 0.0284801 0.0273196 0.0301545 0.0303178 0.0300532 0.0305233 0.0296361 0.0313758 0.0305835 0.0295758 0.0299416 0.0319320 0.0296027 0.0121892 0.0295584 0.0088744 0.0342103 0.0279331 
KR534235   0.0144590 0.0041064 0.0040189 0.0284412 0.0040189 0.0295637 0.0048352 0.0286735 0.0296469 0.0042796 0.0045379 0.0298616 0.0000000 0.0004195 0.0004195 0.0297123 0.0035817 0.0034918 0.0034918 0.0034056 0.0034054 0.0034934 0.0005887 0.0284416 0.0276820 0.0036868 0.0033193 0.0007578 0.0286544 0.0240946 0.0237869 0.0043734 0.0026306 0.0282588 0.0141059 0.0131365 0.0143587 0.0287125 0.0281690 0.0068660 0.0455609 0.0455651 0.0657687 0.0131459 0.0148324 0.0422804 0.0657687 0.0131340 0.0140568 0.0038421 0.0042803 0.0371411 0.0034377 0.0289078 0.0046265 0.0125131 0.0137528 0.0246636 0.0242592 0.0242407 0.0236904 0.0131494 0.0142239 0.0235859 0.0298837 0.0037523 0.0046256 0.0037735 0.0284470 0.0059590 0.0295316 0.0305042 0.0040390 0.0279102 0.0034275 0.0035997 0.0037534 0.0025520 0.0296401 0.0301994 0.0024620 0.0037516 0.0016073 0.0298654 0.0281168 0.0215927 0.0008428 0.0258881 0.0041975 0.0056807 0.0041064 0.0286028 0.0003356 0.0036860 0.0005890 0.0296568 0.0032314 0.0034092 0.0006730 0.0034918 0.0034054 0.0298514 0.0036704 0.0005891 0.0296379 0.0034056 0.0035815 0.0298546 0.0037577 0.0293407 0.0039288 0.0005919 0.0281176 0.0037547 0.0037549 0.0010123 0.0039253 0.0037559 0.0037549 0.0282244 0.0294375 0.0294402 0.0294375 0.0297487 0.0037552 0.0040186 0.0041982 0.0302827 0.0011843 0.0283381 0.0302131 0.0010130 0.0293294 0.0048958 0.0046533 0.0298546 0.0298559 0.0041039 0.0038420 0.0010979 0.0299615 0.0070741 0.0005049 0.0300656 0.0042125 0.0297228 0.0286878 0.0284416 0.0284820 0.0299582 0.0300405 0.0299761 0.0033396 0.0039726 0.0037744 0.0039263 0.0038431 0.0032329 0.0041000 0.0040147 0.0295394 0.0036869 0.0036869 0.0008427 0.0008429 0.0036684 0.0037516 0.0038380 0.0037523 0.0008422 0.0299697 0.0007583 0.0284470 0.0037518 0.0034400 0.0278309 0.0300584 0.0283877 0.0060038 0.0089543 0.0148600 0.0055593 0.0046168 0.0043594 0.0040424 0.0053067 0.0060291 0.0048601 0.0052967 0.0043317 0.0045293 0.0055044 0.0053379 0.0139488 0.0043819 0.0148487 0.0146444 0.0044016 0.0246543 0.0056666 0.0305203 0.0064655 0.0038800 
KR534236   0.0141725 0.0038455 0.0037572 0.0281222 0.0037572 0.0292419 0.0045710 0.0283527 0.0293241 0.0040183 0.0042763 0.0295393 0.0004195 0.0000000 0.0000010 0.0293887 0.0033222 0.0032327 0.0032327 0.0031468 0.0031466 0.0032342 0.0003356 0.0281226 0.0273647 0.0034259 0.0030606 0.0005046 0.0283350 0.0237855 0.0234785 0.0041115 0.0023734 0.0279391 0.0138196 0.0128542 0.0140724 0.0283924 0.0278493 0.0065979 0.0454396 0.0454442 0.0656325 0.0128616 0.0145434 0.0421620 0.0656325 0.0128517 0.0137697 0.0035821 0.0040190 0.0370263 0.0031764 0.0286900 0.0043646 0.0122253 0.0134683 0.0243539 0.0239502 0.0239320 0.0233831 0.0128667 0.0139369 0.0232783 0.0295611 0.0034927 0.0043638 0.0035124 0.0281280 0.0056897 0.0292100 0.0301805 0.0037771 0.0275923 0.0031671 0.0033390 0.0034937 0.0022943 0.0293183 0.0298763 0.0022049 0.0034920 0.0013520 0.0295430 0.0277985 0.0212656 0.0005893 0.0255709 0.0039361 0.0054123 0.0038455 0.0282830 0.0000839 0.0034251 0.0003358 0.0293348 0.0029661 0.0031501 0.0004195 0.0032328 0.0031466 0.0295291 0.0034106 0.0003358 0.0293162 0.0031468 0.0033220 0.0295313 0.0034977 0.0290193 0.0036686 0.0003375 0.0277993 0.0034949 0.0034951 0.0007584 0.0036653 0.0034960 0.0034951 0.0279059 0.0291163 0.0291190 0.0291163 0.0294266 0.0034954 0.0037570 0.0039359 0.0299595 0.0009296 0.0280193 0.0298899 0.0007589 0.0290084 0.0046329 0.0043900 0.0295324 0.0295337 0.0038421 0.0035820 0.0008436 0.0296390 0.0068012 0.0002517 0.0297429 0.0039503 0.0293989 0.0283680 0.0281226 0.0281615 0.0296358 0.0297171 0.0296535 0.0030785 0.0037095 0.0035132 0.0036662 0.0035830 0.0029745 0.0038386 0.0037544 0.0292177 0.0034260 0.0034260 0.0005892 0.0005894 0.0034088 0.0034920 0.0035782 0.0034927 0.0005889 0.0296470 0.0005050 0.0281280 0.0034922 0.0031786 0.0275128 0.0297348 0.0280682 0.0057017 0.0085674 0.0145723 0.0053272 0.0043035 0.0040933 0.0037420 0.0049680 0.0055883 0.0045947 0.0050171 0.0040673 0.0042633 0.0051733 0.0050294 0.0136524 0.0041145 0.0145577 0.0143484 0.0040893 0.0242924 0.0053445 0.0301787 0.0062856 0.0035986 
KR534237   0.0141725 0.0038455 0.0037572 0.0281222 0.0037572 0.0292419 0.0045710 0.0283527 0.0293241 0.0040183 0.0042763 0.0295393 0.0004195 0.0000010 0.0000000 0.0293887 0.0033222 0.0032327 0.0032327 0.0031468 0.0031466 0.0032342 0.0003356 0.0281226 0.0273647 0.0034259 0.0030606 0.0005046 0.0283350 0.0237855 0.0234785 0.0041115 0.0023734 0.0279391 0.0138196 0.0128542 0.0140724 0.0283924 0.0278493 0.0065979 0.0454396 0.0454442 0.0656325 0.0128616 0.0145434 0.0421620 0.0656325 0.0128517 0.0137697 0.0035821 0.0040190 0.0370263 0.0031764 0.0286900 0.0043646 0.0122253 0.0134683 0.0243539 0.0239502 0.0239320 0.0233831 0.0128667 0.0139369 0.0232783 0.0295611 0.0034927 0.0043638 0.0035124 0.0281280 0.0056897 0.0292100 0.0301805 0.0037771 0.0275923 0.0031671 0.0033390 0.0034937 0.0022943 0.0293183 0.0298763 0.0022049 0.0034920 0.0013520 0.0295430 0.0277985 0.0212656 0.0005893 0.0255709 0.0039361 0.0054123 0.0038455 0.0282830 0.0000839 0.0034251 0.0003358 0.0293348 0.0029661 0.0031501 0.0004195 0.0032328 0.0031466 0.0295291 0.0034106 0.0003358 0.0293162 0.0031468 0.0033220 0.0295313 0.0034977 0.0290193 0.0036686 0.0003375 0.0277993 0.0034949 0.0034951 0.0007584 0.0036653 0.0034960 0.0034951 0.0279059 0.0291163 0.0291190 0.0291163 0.0294266 0.0034954 0.0037570 0.0039359 0.0299595 0.0009296 0.0280193 0.0298899 0.0007589 0.0290084 0.0046329 0.0043900 0.0295324 0.0295337 0.0038421 0.0035820 0.0008436 0.0296390 0.0068012 0.0002517 0.0297429 0.0039503 0.0293989 0.0283680 0.0281226 0.0281615 0.0296358 0.0297171 0.0296535 0.0030785 0.0037095 0.0035132 0.0036662 0.0035830 0.0029745 0.0038386 0.0037544 0.0292177 0.0034260 0.0034260 0.0005892 0.0005894 0.0034088 0.0034920 0.0035782 0.0034927 0.0005889 0.0296470 0.0005050 0.0281280 0.0034922 0.0031786 0.0275128 0.0297348 0.0280682 0.0057017 0.0085674 0.0145723 0.0053272 0.0043035 0.0040933 0.0037420 0.0049680 0.0055883 0.0045947 0.0050171 0.0040673 0.0042633 0.0051733 0.0050294 0.0136524 0.0041145 0.0145577 0.0143484 0.0040893 0.0242924 0.0053445 0.0301787 0.0062856 0.0035986 
KR534238   0.0289298 0.0285228 0.0284101 0.0023016 0.0284101 0.0004215 0.0302905 0.0058069 0.0005070 0.0299942 0.0296837 0.0006764 0.0297123 0.0293887 0.0293887 0.0000000 0.0287832 0.0289467 0.0289467 0.0288995 0.0288975 0.0290046 0.0296026 0.0012728 0.0126359 0.0299977 0.0287922 0.0298341 0.0023015 0.0280715 0.0280347 0.0283814 0.0277231 0.0112964 0.0284219 0.0281224 0.0286793 0.0008461 0.0110133 0.0275581 0.0427637 0.0424500 0.0608211 0.0280339 0.0291722 0.0410538 0.0608211 0.0281132 0.0287624 0.0293031 0.0298835 0.0384515 0.0276371 0.0025093 0.0303500 0.0274446 0.0280030 0.0285000 0.0284970 0.0284970 0.0274076 0.0276106 0.0285270 0.0132777 0.0057187 0.0293374 0.0303531 0.0301054 0.0012728 0.0144997 0.0055415 0.0063428 0.0306578 0.0127286 0.0301206 0.0303261 0.0291209 0.0269466 0.0058080 0.0009313 0.0273321 0.0293291 0.0297327 0.0059035 0.0128311 0.0121959 0.0299574 0.0117887 0.0284092 0.0275688 0.0285228 0.0023899 0.0292804 0.0293337 0.0293884 0.0056294 0.0280783 0.0287039 0.0297098 0.0290046 0.0288975 0.0058075 0.0291138 0.0296026 0.0056294 0.0288995 0.0286567 0.0056287 0.0289992 0.0055431 0.0289992 0.0295391 0.0128315 0.0290845 0.0288697 0.0299160 0.0296482 0.0290861 0.0290861 0.0129263 0.0058905 0.0058905 0.0058905 0.0058976 0.0290861 0.0292080 0.0295365 0.0061636 0.0304378 0.0131184 0.0063466 0.0299297 0.0058015 0.0306222 0.0311759 0.0060752 0.0060758 0.0295784 0.0291988 0.0300388 0.0060752 0.0064558 0.0292556 0.0059852 0.0305412 0.0056388 0.0017012 0.0012728 0.0011025 0.0058963 0.0059043 0.0007613 0.0300061 0.0299915 0.0303261 0.0294406 0.0291988 0.0286844 0.0294264 0.0294264 0.0057186 0.0304357 0.0304357 0.0299542 0.0299542 0.0291142 0.0293291 0.0292177 0.0291101 0.0299433 0.0059863 0.0298546 0.0012730 0.0293332 0.0300089 0.0127365 0.0058067 0.0130413 0.0276885 0.0278634 0.0293994 0.0314239 0.0265130 0.0295477 0.0282503 0.0280789 0.0269803 0.0297867 0.0298184 0.0296853 0.0303122 0.0292421 0.0310049 0.0302033 0.0293641 0.0295696 0.0314416 0.0292970 0.0118641 0.0293049 0.0087798 0.0337630 0.0275408 
KR534244   0.0131966 0.0032405 0.0031537 0.0278824 0.0031537 0.0289751 0.0031702 0.0274412 0.0290620 0.0028917 0.0028052 0.0292969 0.0035817 0.0033222 0.0033222 0.0287832 0.0000000 0.0002519 0.0002519 0.0005049 0.0001679 0.0002520 0.0034949 0.0278828 0.0267898 0.0038642 0.0004198 0.0036693 0.0280949 0.0231274 0.0230415 0.0032429 0.0017767 0.0275730 0.0129317 0.0118984 0.0132921 0.0278010 0.0274600 0.0059583 0.0442777 0.0441985 0.0645928 0.0118905 0.0136439 0.0413759 0.0645928 0.0118961 0.0130827 0.0004210 0.0027196 0.0360416 0.0001694 0.0281964 0.0032372 0.0112406 0.0124906 0.0239078 0.0235123 0.0234945 0.0227145 0.0120878 0.0131440 0.0226281 0.0285361 0.0005050 0.0032375 0.0039514 0.0278828 0.0040844 0.0285382 0.0295065 0.0042144 0.0269963 0.0036038 0.0037773 0.0010121 0.0011846 0.0288609 0.0296304 0.0010131 0.0005049 0.0038448 0.0290847 0.0274342 0.0201496 0.0036719 0.0248848 0.0031536 0.0046130 0.0032405 0.0280187 0.0032358 0.0004231 0.0033224 0.0288526 0.0049139 0.0003358 0.0035814 0.0002519 0.0001679 0.0288583 0.0002520 0.0034949 0.0288589 0.0005049 0.0003358 0.0286188 0.0001680 0.0281211 0.0003358 0.0034244 0.0274349 0.0005053 0.0005053 0.0039343 0.0007581 0.0006743 0.0006743 0.0275412 0.0288747 0.0288747 0.0288747 0.0289689 0.0005053 0.0012679 0.0005903 0.0292867 0.0041162 0.0276541 0.0296468 0.0039368 0.0287670 0.0035861 0.0048335 0.0290743 0.0290756 0.0008436 0.0005898 0.0040240 0.0291807 0.0059679 0.0034119 0.0290711 0.0040387 0.0285833 0.0276301 0.0278828 0.0275871 0.0289645 0.0287905 0.0291951 0.0035163 0.0038842 0.0039520 0.0005049 0.0005898 0.0003358 0.0005038 0.0005891 0.0285457 0.0038646 0.0038646 0.0037581 0.0037581 0.0003359 0.0005049 0.0005892 0.0005048 0.0037561 0.0291885 0.0036720 0.0278881 0.0005049 0.0034430 0.0270138 0.0288321 0.0276971 0.0056007 0.0075382 0.0135920 0.0050953 0.0041992 0.0042706 0.0036419 0.0033978 0.0051473 0.0046826 0.0052816 0.0043311 0.0047066 0.0036384 0.0055432 0.0130563 0.0042924 0.0137495 0.0135573 0.0038814 0.0238662 0.0035337 0.0298992 0.0055694 0.0032222 
KR534245   0.0134727 0.0031510 0.0030644 0.0276872 0.0030644 0.0288024 0.0033445 0.0277009 0.0288833 0.0028894 0.0030617 0.0290992 0.0034918 0.0032327 0.0032327 0.0289467 0.0002519 0.0000000 0.0000010 0.0004195 0.0000839 0.0001678 0.0034052 0.0276876 0.0268080 0.0037736 0.0003356 0.0035798 0.0278993 0.0233658 0.0230600 0.0034144 0.0016899 0.0273777 0.0131210 0.0119800 0.0133736 0.0279558 0.0272881 0.0059581 0.0441286 0.0441420 0.0648957 0.0119822 0.0138372 0.0413550 0.0648957 0.0119777 0.0130693 0.0005049 0.0028898 0.0362495 0.0002540 0.0283037 0.0031487 0.0113353 0.0127749 0.0239332 0.0235308 0.0235129 0.0229659 0.0121790 0.0132364 0.0226557 0.0286922 0.0004195 0.0031481 0.0038604 0.0276929 0.0042620 0.0285562 0.0293083 0.0041261 0.0270342 0.0035142 0.0036865 0.0009269 0.0011837 0.0286639 0.0294347 0.0009275 0.0004195 0.0039295 0.0288872 0.0272398 0.0202391 0.0036685 0.0249299 0.0032404 0.0046098 0.0031510 0.0278467 0.0031465 0.0003380 0.0033206 0.0286800 0.0050043 0.0004206 0.0034915 0.0001678 0.0000839 0.0286613 0.0003361 0.0034078 0.0286618 0.0004195 0.0002517 0.0288737 0.0004201 0.0283658 0.0005893 0.0034243 0.0272405 0.0004205 0.0004206 0.0038427 0.0007575 0.0005894 0.0005892 0.0273466 0.0286777 0.0286803 0.0286777 0.0287717 0.0004206 0.0011821 0.0008442 0.0290889 0.0040250 0.0274593 0.0294482 0.0038461 0.0285702 0.0034961 0.0047408 0.0288769 0.0288782 0.0007582 0.0005049 0.0039332 0.0289831 0.0059688 0.0033222 0.0288737 0.0042997 0.0287403 0.0278740 0.0276876 0.0277243 0.0287673 0.0288459 0.0292128 0.0034262 0.0039718 0.0038613 0.0005889 0.0005051 0.0002517 0.0007575 0.0006735 0.0285637 0.0037737 0.0037737 0.0036678 0.0036688 0.0003359 0.0004195 0.0005034 0.0004196 0.0036659 0.0289908 0.0035819 0.0276929 0.0004195 0.0035271 0.0269547 0.0288630 0.0275071 0.0058019 0.0076657 0.0138689 0.0052109 0.0043034 0.0044477 0.0038420 0.0035099 0.0052933 0.0048596 0.0054680 0.0045077 0.0047954 0.0037470 0.0056462 0.0132529 0.0043815 0.0139420 0.0137534 0.0040892 0.0239166 0.0036391 0.0299518 0.0055694 0.0034100 
KR534246   0.0134727 0.0031510 0.0030644 0.0276872 0.0030644 0.0288024 0.0033445 0.0277009 0.0288833 0.0028894 0.0030617 0.0290992 0.0034918 0.0032327 0.0032327 0.0289467 0.0002519 0.0000010 0.0000000 0.0004195 0.0000839 0.0001678 0.0034052 0.0276876 0.0268080 0.0037736 0.0003356 0.0035798 0.0278993 0.0233658 0.0230600 0.0034144 0.0016899 0.0273777 0.0131210 0.0119800 0.0133736 0.0279558 0.0272881 0.0059581 0.0441286 0.0441420 0.0648957 0.0119822 0.0138372 0.0413550 0.0648957 0.0119777 0.0130693 0.0005049 0.0028898 0.0362495 0.0002540 0.0283037 0.0031487 0.0113353 0.0127749 0.0239332 0.0235308 0.0235129 0.0229659 0.0121790 0.0132364 0.0226557 0.0286922 0.0004195 0.0031481 0.0038604 0.0276929 0.0042620 0.0285562 0.0293083 0.0041261 0.0270342 0.0035142 0.0036865 0.0009269 0.0011837 0.0286639 0.0294347 0.0009275 0.0004195 0.0039295 0.0288872 0.0272398 0.0202391 0.0036685 0.0249299 0.0032404 0.0046098 0.0031510 0.0278467 0.0031465 0.0003380 0.0033206 0.0286800 0.0050043 0.0004206 0.0034915 0.0001678 0.0000839 0.0286613 0.0003361 0.0034078 0.0286618 0.0004195 0.0002517 0.0288737 0.0004201 0.0283658 0.0005893 0.0034243 0.0272405 0.0004205 0.0004206 0.0038427 0.0007575 0.0005894 0.0005892 0.0273466 0.0286777 0.0286803 0.0286777 0.0287717 0.0004206 0.0011821 0.0008442 0.0290889 0.0040250 0.0274593 0.0294482 0.0038461 0.0285702 0.0034961 0.0047408 0.0288769 0.0288782 0.0007582 0.0005049 0.0039332 0.0289831 0.0059688 0.0033222 0.0288737 0.0042997 0.0287403 0.0278740 0.0276876 0.0277243 0.0287673 0.0288459 0.0292128 0.0034262 0.0039718 0.0038613 0.0005889 0.0005051 0.0002517 0.0007575 0.0006735 0.0285637 0.0037737 0.0037737 0.0036678 0.0036688 0.0003359 0.0004195 0.0005034 0.0004196 0.0036659 0.0289908 0.0035819 0.0276929 0.0004195 0.0035271 0.0269547 0.0288630 0.0275071 0.0058019 0.0076657 0.0138689 0.0052109 0.0043034 0.0044477 0.0038420 0.0035099 0.0052933 0.0048596 0.0054680 0.0045077 0.0047954 0.0037470 0.0056462 0.0132529 0.0043815 0.0139420 0.0137534 0.0040892 0.0239166 0.0036391 0.0299518 0.0055694 0.0034100 
