213
KF155002   0.0000000 0.0125611 0.0126536 0.0268789 0.0126536 0.0279117 0.0134598 0.0268759 0.0279868 0.0140160 0.0136543 0.0281880 0.0141267 0.0138514 0.0138514 0.0277322 0.0129216 0.0131868 0.0131868 0.0130967 0.0130959 0.0131931 0.0140341 0.0268793 0.0264600 0.0143386 0.0130055 0.0142244 0.0270767 0.0226128 0.0225102 0.0123767 0.0120959 0.0269603 0.0029682 0.0114241 0.0021110 0.0268196 0.0266816 0.0122949 0.0418925 0.0417877 0.0600658 0.0112276 0.0023791 0.0382257 0.0600658 0.0114226 0.0020365 0.0133786 0.0138325 0.0318608 0.0121171 0.0255857 0.0143053 0.0087561 0.0066101 0.0231547 0.0229709 0.0229538 0.0221875 0.0083071 0.0014378 0.0168430 0.0283025 0.0134640 0.0143026 0.0144292 0.0268842 0.0079855 0.0280812 0.0291803 0.0147204 0.0266628 0.0142533 0.0144312 0.0132856 0.0113080 0.0283820 0.0284955 0.0113851 0.0134617 0.0134971 0.0285864 0.0270599 0.0143954 0.0141367 0.0242187 0.0126632 0.0094309 0.0125611 0.0270193 0.0137595 0.0134157 0.0138565 0.0283996 0.0098867 0.0129202 0.0141256 0.0131870 0.0130959 0.0285780 0.0132069 0.0140451 0.0283824 0.0130967 0.0130876 0.0281696 0.0131141 0.0273971 0.0129216 0.0140211 0.0270607 0.0132699 0.0132704 0.0143057 0.0137344 0.0132742 0.0132705 0.0271601 0.0277961 0.0277986 0.0277961 0.0284827 0.0132717 0.0133691 0.0134958 0.0289776 0.0147085 0.0272647 0.0287037 0.0143110 0.0278959 0.0145593 0.0151622 0.0285810 0.0285821 0.0138372 0.0133628 0.0144034 0.0286801 0.0075402 0.0137521 0.0287765 0.0145259 0.0281507 0.0265998 0.0268793 0.0266048 0.0286770 0.0285412 0.0280911 0.0141573 0.0136621 0.0146176 0.0132830 0.0133665 0.0129141 0.0134583 0.0135595 0.0278903 0.0145238 0.0145238 0.0143182 0.0143222 0.0132895 0.0134617 0.0133688 0.0134645 0.0143142 0.0286851 0.0142286 0.0268842 0.0134621 0.0141217 0.0266938 0.0285571 0.0272990 0.0104615 0.0117383 0.0018570 0.0143955 0.0094049 0.0127602 0.0107900 0.0131029 0.0065671 0.0135108 0.0131187 0.0134177 0.0149672 0.0131119 0.0153127 0.0043456 0.0130240 0.0040398 0.0057368 0.0119074 0.0259400 0.0130628 0.0289469 0.0156136 0.0113009 0.2921200 0.2874433 0.2918656 0.2907706 0.2887667 0.2900608 0.2898759 0.2904592 0.2928949 0.2918513 
KR534217   0.0125611 0.0000000 0.0000839 0.0261877 0.0000839 0.0272161 0.0042817 0.0263883 0.0272892 0.0039952 0.0039952 0.0274919 0.0040798 0.0038219 0.0038219 0.0273422 0.0032242 0.0031357 0.0031357 0.0030504 0.0030502 0.0031371 0.0039936 0.0261881 0.0253797 0.0043560 0.0029650 0.0041674 0.0263848 0.0217936 0.0214931 0.0004197 0.0019426 0.0258711 0.0120379 0.0113302 0.0122861 0.0264289 0.0257894 0.0053020 0.0414220 0.0414342 0.0588237 0.0111332 0.0127249 0.0385075 0.0588237 0.0113287 0.0119861 0.0034806 0.0039956 0.0338756 0.0029926 0.0266952 0.0042546 0.0106920 0.0117231 0.0223296 0.0219528 0.0219365 0.0214353 0.0111609 0.0121511 0.0215119 0.0275095 0.0033932 0.0042539 0.0044421 0.0261928 0.0049406 0.0271862 0.0280800 0.0047060 0.0255881 0.0040974 0.0042685 0.0032227 0.0004203 0.0272860 0.0277983 0.0014353 0.0033927 0.0045146 0.0272844 0.0257786 0.0193440 0.0042549 0.0235963 0.0002519 0.0027466 0.0000010 0.0263256 0.0037360 0.0033195 0.0039098 0.0273029 0.0053279 0.0028781 0.0040795 0.0031357 0.0030502 0.0274810 0.0033119 0.0039966 0.0272864 0.0030504 0.0032231 0.0274792 0.0033981 0.0270071 0.0035674 0.0040159 0.0257793 0.0033945 0.0033946 0.0044278 0.0037357 0.0033955 0.0033946 0.0258780 0.0271037 0.0271061 0.0271037 0.0273862 0.0033949 0.0034818 0.0038320 0.0278785 0.0046065 0.0259808 0.0278077 0.0044295 0.0270039 0.0046006 0.0053136 0.0274840 0.0274851 0.0037382 0.0034806 0.0045159 0.0275825 0.0059208 0.0039104 0.0276785 0.0048778 0.0273544 0.0264104 0.0261881 0.0262167 0.0275796 0.0276499 0.0275950 0.0040101 0.0045548 0.0044431 0.0035652 0.0034815 0.0028795 0.0037359 0.0036525 0.0271929 0.0043561 0.0043561 0.0042541 0.0042553 0.0033100 0.0033927 0.0033067 0.0033934 0.0042529 0.0275873 0.0041686 0.0261928 0.0033928 0.0041124 0.0255156 0.0276653 0.0260132 0.0059371 0.0072182 0.0127540 0.0052830 0.0047875 0.0047661 0.0042101 0.0049333 0.0056869 0.0051736 0.0056983 0.0047363 0.0051961 0.0049213 0.0063063 0.0122294 0.0046162 0.0129056 0.0126087 0.0045770 0.0231820 0.0048854 0.0282384 0.0065906 0.0036703 0.2910049 0.2859878 0.2893483 0.2893969 0.2876525 0.2894156 0.2892306 0.2902922 0.2913298 0.2904801 
KR534218   0.0126536 0.0000839 0.0000000 0.0260865 0.0000010 0.0271141 0.0043688 0.0262866 0.0271869 0.0039089 0.0039089 0.0273899 0.0039935 0.0037358 0.0037358 0.0272397 0.0031383 0.0030500 0.0030500 0.0029647 0.0029646 0.0030514 0.0039074 0.0260869 0.0252792 0.0042683 0.0028793 0.0040810 0.0262835 0.0216954 0.0213952 0.0003357 0.0018575 0.0257699 0.0121302 0.0112392 0.0123784 0.0263275 0.0256882 0.0052148 0.0413091 0.0413218 0.0586977 0.0110418 0.0128179 0.0383973 0.0586977 0.0112377 0.0120786 0.0033946 0.0039094 0.0337684 0.0029061 0.0265920 0.0041682 0.0105992 0.0118149 0.0222312 0.0218546 0.0218384 0.0213376 0.0110699 0.0122435 0.0214140 0.0274074 0.0033073 0.0041674 0.0043542 0.0260917 0.0048523 0.0270843 0.0279776 0.0046189 0.0254874 0.0040108 0.0041818 0.0031369 0.0003362 0.0271841 0.0276960 0.0013504 0.0033068 0.0044280 0.0271825 0.0256777 0.0192399 0.0041684 0.0234956 0.0001679 0.0026599 0.0000839 0.0262242 0.0036499 0.0032334 0.0038235 0.0272009 0.0052388 0.0027925 0.0039932 0.0030500 0.0029646 0.0273790 0.0032259 0.0039103 0.0271845 0.0029647 0.0031373 0.0273769 0.0033121 0.0269043 0.0034814 0.0039292 0.0256785 0.0033085 0.0033086 0.0043413 0.0036496 0.0033096 0.0033087 0.0257771 0.0270019 0.0270043 0.0270019 0.0272842 0.0033090 0.0033958 0.0037457 0.0277762 0.0045198 0.0258798 0.0277054 0.0043429 0.0269022 0.0045140 0.0052261 0.0273819 0.0273830 0.0036520 0.0033946 0.0044293 0.0274804 0.0058318 0.0038241 0.0275764 0.0047907 0.0272519 0.0263090 0.0260869 0.0261151 0.0274775 0.0275475 0.0274929 0.0039235 0.0044674 0.0043562 0.0034792 0.0033955 0.0027939 0.0036498 0.0035664 0.0270911 0.0042683 0.0042683 0.0041677 0.0041688 0.0032241 0.0033068 0.0032209 0.0033075 0.0041665 0.0274852 0.0040822 0.0260917 0.0033069 0.0040255 0.0254148 0.0275629 0.0259121 0.0058376 0.0070925 0.0128466 0.0052830 0.0046838 0.0046779 0.0041107 0.0048217 0.0055417 0.0050857 0.0056059 0.0046487 0.0051078 0.0048124 0.0062038 0.0123253 0.0045276 0.0129993 0.0127041 0.0044736 0.0230665 0.0047796 0.0281301 0.0064129 0.0035774 0.2906641 0.2856508 0.2890077 0.2890570 0.2873142 0.2890750 0.2888902 0.2899512 0.2909874 0.2901393 
KR534219   0.0268789 0.0261877 0.0260865 0.0000000 0.0260865 0.0018583 0.0280616 0.0053056 0.0019481 0.0276544 0.0275697 0.0021118 0.0272839 0.0269862 0.0269862 0.0022931 0.0267732 0.0265857 0.0265857 0.0265513 0.0265495 0.0266606 0.0271833 0.0010097 0.0116861 0.0275341 0.0264528 0.0273955 0.0005034 0.0263203 0.0260112 0.0262794 0.0254702 0.0101069 0.0262384 0.0259689 0.0264281 0.0014344 0.0098445 0.0255235 0.0393486 0.0391592 0.0553041 0.0258569 0.0272418 0.0377370 0.0553041 0.0259650 0.0264278 0.0270022 0.0276589 0.0356029 0.0255238 0.0040705 0.0278764 0.0252478 0.0260644 0.0264692 0.0264789 0.0264590 0.0256893 0.0255150 0.0263026 0.0120107 0.0050331 0.0269505 0.0278710 0.0276302 0.0010099 0.0134397 0.0046829 0.0052884 0.0281559 0.0117817 0.0276469 0.0278322 0.0267623 0.0248489 0.0047694 0.0023676 0.0251089 0.0269453 0.0274065 0.0048592 0.0116894 0.0117595 0.0275021 0.0103756 0.0263123 0.0254446 0.0261877 0.0012648 0.0268869 0.0269280 0.0271003 0.0045997 0.0261144 0.0265712 0.0272816 0.0266478 0.0265495 0.0047691 0.0267905 0.0272055 0.0045971 0.0265513 0.0265324 0.0050451 0.0269923 0.0050316 0.0269720 0.0271482 0.0116897 0.0267293 0.0265322 0.0274738 0.0273411 0.0267384 0.0267307 0.0117801 0.0046798 0.0046802 0.0046798 0.0048563 0.0267331 0.0268455 0.0274227 0.0051149 0.0279317 0.0119625 0.0050330 0.0274830 0.0045935 0.0281316 0.0286149 0.0051153 0.0050293 0.0271632 0.0268317 0.0275829 0.0050289 0.0057394 0.0268724 0.0049417 0.0283455 0.0048839 0.0017726 0.0010097 0.0011839 0.0048553 0.0052138 0.0023672 0.0275392 0.0276673 0.0278347 0.0271523 0.0268394 0.0263539 0.0273428 0.0272631 0.0047703 0.0279324 0.0279324 0.0274969 0.0275049 0.0268730 0.0269453 0.0268433 0.0267524 0.0274904 0.0049428 0.0274032 0.0010099 0.0269467 0.0276563 0.0117931 0.0050426 0.0118861 0.0256788 0.0255644 0.0273008 0.0287837 0.0242814 0.0273371 0.0259884 0.0257507 0.0245441 0.0275336 0.0277085 0.0274306 0.0278533 0.0270061 0.0284045 0.0278762 0.0269805 0.0273345 0.0292017 0.0266702 0.0110949 0.0268349 0.0078110 0.0304423 0.0254079 0.2869309 0.2829892 0.2833751 0.2828130 0.2852628 0.2855771 0.2853938 0.2850445 0.2847245 0.2836512 
KR534220   0.0126536 0.0000839 0.0000010 0.0260865 0.0000000 0.0271141 0.0043688 0.0262866 0.0271869 0.0039089 0.0039089 0.0273899 0.0039935 0.0037358 0.0037358 0.0272397 0.0031383 0.0030500 0.0030500 0.0029647 0.0029646 0.0030514 0.0039074 0.0260869 0.0252792 0.0042683 0.0028793 0.0040810 0.0262835 0.0216954 0.0213952 0.0003357 0.0018575 0.0257699 0.0121302 0.0112392 0.0123784 0.0263275 0.0256882 0.0052148 0.0413091 0.0413218 0.0586977 0.0110418 0.0128179 0.0383973 0.0586977 0.0112377 0.0120786 0.0033946 0.0039094 0.0337684 0.0029061 0.0265920 0.0041682 0.0105992 0.0118149 0.0222312 0.0218546 0.0218384 0.0213376 0.0110699 0.0122435 0.0214140 0.0274074 0.0033073 0.0041674 0.0043542 0.0260917 0.0048523 0.0270843 0.0279776 0.0046189 0.0254874 0.0040108 0.0041818 0.0031369 0.0003362 0.0271841 0.0276960 0.0013504 0.0033068 0.0044280 0.0271825 0.0256777 0.0192399 0.0041684 0.0234956 0.0001679 0.0026599 0.0000839 0.0262242 0.0036499 0.0032334 0.0038235 0.0272009 0.0052388 0.0027925 0.0039932 0.0030500 0.0029646 0.0273790 0.0032259 0.0039103 0.0271845 0.0029647 0.0031373 0.0273769 0.0033121 0.0269043 0.0034814 0.0039292 0.0256785 0.0033085 0.0033086 0.0043413 0.0036496 0.0033096 0.0033087 0.0257771 0.0270019 0.0270043 0.0270019 0.0272842 0.0033090 0.0033958 0.0037457 0.0277762 0.0045198 0.0258798 0.0277054 0.0043429 0.0269022 0.0045140 0.0052261 0.0273819 0.0273830 0.0036520 0.0033946 0.0044293 0.0274804 0.0058318 0.0038241 0.0275764 0.0047907 0.0272519 0.0263090 0.0260869 0.0261151 0.0274775 0.0275475 0.0274929 0.0039235 0.0044674 0.0043562 0.0034792 0.0033955 0.0027939 0.0036498 0.0035664 0.0270911 0.0042683 0.0042683 0.0041677 0.0041688 0.0032241 0.0033068 0.0032209 0.0033075 0.0041665 0.0274852 0.0040822 0.0260917 0.0033069 0.0040255 0.0254148 0.0275629 0.0259121 0.0058376 0.0070925 0.0128466 0.0052830 0.0046838 0.0046779 0.0041107 0.0048217 0.0055417 0.0050857 0.0056059 0.0046487 0.0051078 0.0048124 0.0062038 0.0123253 0.0045276 0.0129993 0.0127041 0.0044736 0.0230665 0.0047796 0.0281301 0.0064129 0.0035774 0.2906641 0.2856508 0.2890077 0.2890570 0.2873142 0.2890750 0.2888902 0.2899512 0.2909874 0.2901393 
KR534228   0.0279117 0.0272161 0.0271141 0.0018583 0.0271141 0.0000000 0.0290845 0.0058339 0.0000842 0.0286913 0.0286064 0.0002519 0.0283186 0.0280199 0.0280199 0.0004215 0.0277825 0.0276163 0.0276163 0.0275810 0.0275791 0.0276889 0.0282173 0.0008420 0.0122456 0.0285693 0.0274818 0.0284262 0.0018583 0.0269457 0.0266399 0.0273003 0.0264916 0.0107563 0.0272462 0.0269908 0.0274588 0.0007573 0.0104848 0.0265255 0.0402260 0.0400660 0.0560826 0.0268624 0.0280594 0.0386061 0.0560826 0.0269867 0.0274625 0.0280355 0.0286959 0.0364627 0.0265331 0.0022379 0.0289072 0.0262679 0.0270679 0.0270913 0.0271091 0.0270887 0.0262945 0.0265135 0.0273130 0.0129389 0.0055575 0.0279831 0.0289099 0.0286685 0.0008420 0.0142838 0.0052094 0.0058178 0.0291748 0.0123385 0.0286777 0.0288720 0.0277833 0.0258685 0.0052963 0.0005038 0.0261289 0.0279777 0.0284320 0.0053870 0.0122490 0.0117756 0.0285389 0.0112912 0.0273202 0.0264773 0.0272161 0.0019444 0.0279199 0.0279612 0.0281261 0.0051212 0.0270408 0.0276018 0.0283162 0.0276780 0.0275791 0.0052959 0.0278005 0.0282173 0.0051222 0.0275810 0.0273631 0.0055735 0.0280037 0.0055601 0.0279826 0.0281646 0.0122493 0.0277595 0.0275610 0.0285096 0.0283762 0.0277609 0.0277609 0.0123402 0.0053794 0.0053794 0.0053794 0.0053837 0.0277609 0.0278691 0.0284431 0.0056434 0.0289722 0.0125236 0.0058204 0.0285191 0.0052916 0.0291710 0.0296596 0.0056439 0.0055575 0.0281978 0.0278628 0.0286197 0.0055570 0.0064524 0.0279048 0.0054693 0.0293808 0.0054102 0.0017747 0.0008420 0.0010155 0.0053826 0.0057397 0.0005038 0.0285746 0.0286870 0.0288720 0.0281783 0.0278628 0.0273821 0.0283779 0.0282778 0.0052973 0.0289729 0.0289729 0.0285336 0.0285336 0.0278830 0.0279777 0.0278748 0.0277755 0.0285268 0.0054706 0.0284394 0.0008422 0.0279791 0.0286993 0.0123443 0.0055722 0.0124452 0.0267014 0.0268535 0.0283364 0.0298636 0.0253472 0.0283721 0.0271387 0.0269124 0.0258724 0.0285547 0.0286737 0.0284510 0.0288805 0.0280236 0.0295927 0.0289329 0.0280106 0.0283584 0.0301536 0.0281076 0.0116287 0.0279443 0.0084678 0.0323361 0.0264862 0.2879831 0.2840308 0.2848920 0.2845827 0.2863105 0.2866291 0.2864452 0.2860938 0.2862485 0.2847004 
KR534229   0.0134598 0.0042817 0.0043688 0.0280616 0.0043688 0.0290845 0.0000000 0.0277663 0.0290872 0.0015275 0.0005926 0.0293876 0.0047986 0.0045382 0.0045382 0.0289838 0.0031547 0.0033272 0.0033272 0.0032413 0.0032411 0.0033272 0.0047115 0.0280621 0.0272376 0.0050802 0.0031552 0.0048865 0.0282620 0.0237367 0.0236752 0.0045452 0.0029830 0.0275454 0.0131935 0.0131337 0.0135526 0.0281804 0.0274407 0.0070864 0.0430683 0.0427854 0.0614428 0.0130796 0.0138272 0.0406587 0.0614428 0.0131309 0.0132829 0.0035883 0.0014422 0.0356659 0.0032514 0.0280186 0.0009324 0.0124475 0.0129697 0.0245170 0.0241231 0.0241231 0.0233910 0.0131367 0.0133698 0.0232015 0.0290728 0.0035866 0.0009325 0.0051675 0.0280621 0.0059145 0.0288727 0.0297815 0.0054306 0.0272354 0.0048193 0.0049932 0.0035863 0.0026457 0.0289753 0.0296969 0.0027284 0.0035860 0.0051494 0.0291819 0.0276454 0.0200967 0.0049756 0.0252777 0.0043687 0.0057528 0.0042817 0.0281813 0.0044513 0.0035130 0.0045386 0.0289695 0.0054177 0.0030706 0.0047983 0.0033272 0.0032411 0.0291732 0.0034135 0.0047115 0.0289699 0.0032413 0.0034153 0.0288647 0.0033270 0.0284818 0.0034995 0.0046315 0.0276462 0.0035879 0.0035880 0.0051518 0.0038447 0.0035881 0.0035881 0.0277466 0.0289927 0.0289927 0.0289927 0.0290771 0.0035881 0.0038480 0.0037582 0.0295767 0.0053335 0.0276525 0.0297096 0.0051538 0.0288913 0.0022123 0.0060485 0.0292763 0.0291775 0.0039341 0.0036746 0.0052412 0.0292763 0.0070253 0.0046279 0.0293736 0.0053424 0.0288186 0.0280791 0.0280621 0.0278570 0.0292732 0.0291131 0.0294913 0.0047317 0.0051752 0.0051682 0.0036724 0.0036746 0.0030691 0.0036716 0.0036716 0.0288715 0.0050807 0.0050807 0.0049751 0.0049751 0.0034136 0.0035860 0.0036721 0.0035858 0.0049736 0.0293789 0.0048888 0.0280672 0.0035861 0.0047321 0.0273518 0.0291693 0.0278786 0.0068553 0.0087178 0.0138394 0.0063143 0.0049938 0.0054706 0.0050230 0.0048186 0.0052463 0.0058928 0.0066424 0.0056291 0.0059891 0.0053528 0.0067092 0.0134054 0.0055901 0.0138683 0.0137795 0.0050080 0.0248768 0.0048818 0.0302493 0.0073016 0.0046171 0.2943524 0.2893013 0.2922224 0.2932193 0.2909772 0.2922864 0.2921002 0.2936420 0.2946957 0.2938322 
KR534230   0.0268759 0.0263883 0.0262866 0.0053056 0.0262866 0.0058339 0.0277663 0.0000000 0.0059208 0.0275576 0.0271688 0.0060945 0.0274898 0.0271917 0.0271917 0.0057545 0.0263571 0.0265888 0.0265888 0.0265543 0.0265525 0.0266511 0.0273887 0.0051318 0.0120968 0.0277390 0.0264554 0.0275970 0.0053054 0.0266615 0.0266055 0.0261709 0.0256672 0.0110518 0.0262232 0.0263659 0.0266310 0.0050495 0.0107820 0.0260015 0.0397003 0.0396354 0.0555375 0.0260703 0.0273485 0.0382928 0.0555375 0.0263619 0.0267551 0.0268071 0.0273583 0.0356494 0.0254328 0.0076221 0.0278764 0.0257561 0.0261295 0.0270581 0.0270554 0.0270554 0.0258644 0.0257000 0.0265149 0.0098685 0.0014371 0.0269550 0.0278789 0.0278380 0.0051318 0.0136350 0.0012671 0.0022025 0.0283510 0.0122779 0.0278469 0.0280410 0.0267559 0.0248424 0.0016916 0.0063579 0.0252055 0.0269498 0.0272044 0.0018621 0.0123669 0.0145320 0.0274109 0.0112914 0.0262930 0.0256151 0.0263883 0.0052242 0.0270919 0.0269324 0.0271937 0.0015219 0.0260194 0.0263681 0.0274875 0.0266511 0.0265525 0.0016915 0.0266788 0.0273962 0.0013518 0.0265543 0.0265353 0.0011825 0.0265560 0.0012675 0.0265560 0.0273536 0.0123672 0.0267330 0.0265351 0.0274803 0.0272434 0.0267343 0.0267343 0.0124584 0.0055684 0.0055684 0.0055684 0.0017769 0.0267343 0.0268418 0.0270607 0.0020319 0.0281411 0.0126422 0.0060113 0.0276899 0.0054812 0.0281405 0.0286281 0.0018619 0.0019471 0.0269688 0.0268358 0.0277903 0.0019469 0.0042552 0.0270762 0.0018616 0.0281378 0.0013552 0.0051349 0.0051318 0.0047929 0.0017765 0.0017794 0.0060075 0.0277441 0.0276777 0.0280410 0.0269501 0.0268358 0.0263561 0.0269420 0.0270468 0.0014368 0.0281418 0.0281418 0.0275058 0.0275058 0.0267592 0.0269498 0.0268474 0.0267484 0.0276974 0.0016069 0.0276098 0.0051326 0.0269511 0.0276855 0.0122886 0.0016066 0.0125625 0.0258056 0.0259949 0.0272992 0.0287961 0.0244035 0.0271415 0.0258925 0.0252537 0.0250472 0.0270508 0.0274107 0.0271465 0.0277598 0.0267699 0.0285292 0.0276878 0.0269861 0.0270516 0.0289105 0.0266874 0.0112116 0.0267210 0.0077247 0.0308586 0.0251053 0.2861862 0.2817887 0.2843499 0.2837906 0.2840555 0.2848327 0.2846497 0.2838304 0.2852340 0.2841592 
KR534231   0.0279868 0.0272892 0.0271869 0.0019481 0.0271869 0.0000842 0.0290872 0.0059208 0.0000000 0.0287686 0.0286836 0.0003367 0.0283949 0.0280954 0.0280954 0.0005059 0.0278623 0.0276906 0.0276906 0.0276550 0.0276531 0.0277524 0.0282933 0.0009288 0.0123681 0.0286464 0.0275556 0.0285029 0.0019481 0.0269741 0.0267124 0.0273737 0.0265625 0.0108745 0.0273245 0.0270630 0.0275327 0.0008438 0.0106040 0.0264022 0.0402299 0.0400701 0.0562466 0.0268649 0.0280620 0.0387170 0.0562466 0.0270588 0.0274600 0.0281110 0.0287733 0.0364860 0.0265356 0.0022381 0.0289852 0.0262679 0.0271454 0.0271641 0.0271614 0.0271614 0.0263697 0.0265892 0.0273155 0.0130641 0.0056596 0.0280584 0.0289879 0.0287459 0.0009288 0.0142851 0.0053095 0.0059197 0.0292591 0.0124613 0.0287552 0.0289500 0.0278580 0.0259378 0.0053966 0.0005893 0.0261989 0.0280529 0.0285086 0.0054877 0.0123716 0.0117745 0.0286159 0.0112922 0.0273987 0.0265267 0.0272892 0.0020348 0.0279951 0.0280366 0.0282019 0.0052218 0.0270433 0.0276760 0.0283925 0.0277524 0.0276531 0.0053962 0.0278804 0.0282985 0.0052210 0.0276550 0.0274365 0.0056599 0.0280630 0.0056613 0.0280630 0.0281672 0.0123719 0.0278341 0.0276350 0.0285865 0.0284526 0.0278355 0.0278355 0.0124631 0.0054800 0.0054800 0.0054800 0.0054843 0.0278355 0.0279441 0.0284732 0.0057448 0.0290505 0.0126470 0.0059224 0.0285960 0.0053918 0.0292497 0.0297399 0.0057453 0.0056587 0.0282737 0.0279377 0.0286969 0.0056582 0.0064699 0.0279799 0.0055702 0.0294603 0.0053233 0.0018641 0.0009288 0.0011003 0.0054832 0.0056676 0.0005893 0.0286518 0.0286897 0.0289500 0.0282541 0.0279377 0.0274557 0.0284544 0.0283565 0.0053967 0.0290512 0.0290512 0.0286105 0.0286105 0.0279631 0.0280529 0.0279498 0.0278502 0.0286038 0.0055715 0.0285161 0.0009289 0.0280543 0.0286967 0.0124693 0.0056591 0.0125673 0.0267123 0.0268535 0.0284128 0.0298672 0.0253472 0.0283695 0.0271499 0.0269124 0.0258724 0.0285679 0.0286847 0.0284640 0.0288832 0.0280236 0.0295927 0.0289439 0.0279110 0.0283715 0.0301679 0.0281198 0.0116287 0.0279443 0.0085621 0.0323361 0.0264965 0.2880239 0.2840710 0.2849324 0.2846230 0.2863510 0.2866291 0.2864452 0.2860938 0.2862892 0.2847407 
KR534232   0.0140160 0.0039952 0.0039089 0.0276544 0.0039089 0.0286913 0.0015275 0.0275576 0.0287686 0.0000000 0.0012635 0.0289680 0.0042513 0.0039932 0.0039932 0.0287198 0.0028797 0.0028774 0.0028774 0.0027923 0.0027921 0.0028787 0.0041650 0.0276548 0.0268392 0.0046126 0.0027070 0.0043390 0.0278530 0.0233177 0.0231143 0.0042570 0.0025364 0.0273393 0.0137666 0.0128598 0.0140150 0.0278972 0.0272578 0.0067806 0.0425699 0.0424657 0.0608858 0.0128538 0.0143733 0.0399550 0.0608858 0.0128582 0.0137210 0.0032214 0.0002517 0.0354017 0.0029042 0.0280889 0.0014332 0.0121599 0.0131696 0.0239555 0.0235762 0.0235587 0.0231468 0.0128728 0.0138851 0.0228425 0.0287829 0.0031343 0.0014329 0.0046987 0.0276599 0.0056428 0.0284592 0.0293585 0.0049630 0.0269467 0.0043538 0.0045260 0.0031352 0.0022865 0.0285596 0.0292771 0.0022837 0.0031339 0.0046866 0.0287643 0.0272411 0.0205553 0.0044266 0.0249605 0.0039983 0.0055438 0.0039952 0.0277954 0.0039072 0.0030600 0.0040808 0.0285773 0.0056822 0.0027086 0.0042510 0.0028775 0.0027921 0.0287557 0.0030528 0.0041681 0.0285600 0.0027923 0.0029645 0.0286534 0.0030529 0.0281757 0.0032220 0.0041879 0.0272418 0.0031355 0.0031356 0.0045997 0.0034759 0.0031364 0.0031356 0.0273413 0.0285769 0.0285794 0.0285769 0.0286605 0.0031359 0.0033940 0.0034852 0.0291556 0.0047788 0.0274450 0.0292869 0.0046015 0.0284764 0.0007571 0.0055710 0.0287588 0.0287599 0.0034784 0.0032214 0.0046880 0.0288579 0.0068043 0.0040818 0.0289544 0.0050474 0.0286331 0.0277764 0.0276548 0.0275864 0.0288548 0.0288239 0.0290721 0.0042663 0.0048125 0.0046997 0.0033059 0.0032222 0.0026217 0.0033903 0.0033068 0.0284663 0.0046126 0.0046126 0.0044258 0.0044270 0.0030508 0.0031339 0.0032192 0.0031345 0.0044245 0.0288630 0.0043403 0.0276599 0.0031339 0.0043697 0.0269755 0.0288400 0.0274806 0.0066269 0.0082123 0.0143949 0.0063087 0.0050940 0.0052021 0.0048025 0.0042624 0.0055343 0.0056955 0.0062467 0.0053448 0.0056321 0.0048089 0.0061982 0.0139306 0.0051431 0.0145670 0.0143955 0.0047799 0.0242869 0.0043549 0.0298003 0.0065825 0.0042251 0.2928069 0.2877763 0.2906812 0.2913096 0.2894454 0.2907447 0.2906933 0.2920961 0.2931432 0.2922869 
KR534233   0.0136543 0.0039952 0.0039089 0.0275697 0.0039089 0.0286064 0.0005926 0.0271688 0.0286836 0.0012635 0.0000000 0.0288832 0.0045076 0.0042492 0.0042492 0.0284290 0.0027940 0.0030483 0.0030483 0.0029631 0.0029630 0.0030497 0.0044212 0.0275701 0.0265560 0.0047860 0.0028777 0.0045954 0.0277682 0.0231328 0.0230297 0.0039983 0.0027069 0.0270569 0.0134058 0.0125937 0.0137467 0.0275110 0.0269753 0.0066928 0.0425903 0.0424819 0.0604648 0.0125861 0.0141016 0.0399705 0.0604648 0.0125921 0.0135440 0.0032214 0.0010944 0.0349964 0.0028180 0.0278983 0.0005885 0.0119804 0.0128098 0.0238710 0.0234916 0.0234742 0.0227686 0.0126064 0.0136159 0.0226580 0.0283954 0.0033055 0.0005874 0.0048721 0.0275751 0.0054652 0.0281739 0.0292737 0.0051369 0.0267590 0.0045280 0.0046993 0.0033065 0.0022865 0.0284749 0.0291922 0.0023689 0.0033050 0.0047705 0.0286795 0.0271563 0.0201541 0.0045969 0.0247735 0.0039118 0.0053675 0.0039952 0.0277106 0.0041631 0.0032317 0.0042508 0.0284925 0.0055037 0.0027937 0.0045072 0.0030484 0.0029630 0.0286710 0.0030528 0.0044245 0.0284753 0.0029631 0.0031356 0.0282626 0.0029670 0.0277868 0.0031360 0.0043588 0.0271571 0.0033067 0.0033068 0.0048566 0.0035615 0.0033078 0.0033069 0.0272566 0.0284921 0.0284947 0.0284921 0.0285757 0.0033072 0.0035656 0.0033990 0.0290708 0.0050372 0.0271632 0.0292020 0.0048584 0.0283916 0.0019425 0.0057455 0.0286740 0.0286752 0.0036500 0.0033927 0.0049450 0.0287731 0.0066291 0.0043381 0.0288696 0.0049600 0.0282439 0.0273883 0.0275701 0.0272974 0.0287700 0.0286343 0.0287861 0.0044393 0.0048125 0.0048732 0.0033059 0.0033936 0.0027924 0.0033043 0.0033922 0.0281809 0.0047860 0.0047860 0.0046824 0.0046837 0.0031364 0.0033050 0.0033904 0.0033057 0.0046810 0.0287782 0.0045968 0.0275751 0.0033051 0.0043697 0.0267900 0.0286503 0.0273957 0.0064318 0.0080871 0.0140322 0.0058496 0.0047833 0.0051135 0.0045037 0.0044842 0.0052509 0.0055198 0.0061541 0.0051695 0.0056320 0.0050261 0.0064023 0.0136510 0.0051429 0.0141078 0.0140227 0.0045729 0.0242853 0.0045653 0.0295859 0.0064061 0.0041319 0.2925328 0.2874997 0.2904052 0.2914024 0.2891696 0.2904687 0.2902833 0.2918210 0.2928682 0.2920122 
KR534234   0.0281880 0.0274919 0.0273899 0.0021118 0.0273899 0.0002519 0.0293876 0.0060945 0.0003367 0.0289680 0.0288832 0.0000000 0.0285952 0.0282963 0.0282963 0.0006757 0.0280815 0.0278924 0.0278924 0.0278568 0.0278549 0.0279674 0.0284938 0.0010947 0.0125083 0.0288490 0.0277575 0.0287083 0.0021117 0.0272278 0.0269166 0.0275841 0.0267666 0.0110188 0.0275448 0.0272655 0.0277350 0.0010105 0.0107554 0.0268227 0.0405478 0.0403522 0.0563809 0.0271606 0.0283605 0.0389200 0.0563809 0.0272612 0.0277398 0.0283120 0.0289728 0.0367739 0.0268325 0.0024981 0.0291927 0.0265706 0.0273655 0.0273759 0.0273859 0.0273653 0.0265912 0.0268097 0.0276124 0.0132031 0.0058186 0.0282593 0.0291869 0.0289457 0.0010948 0.0145635 0.0054658 0.0060746 0.0294766 0.0126048 0.0289634 0.0291493 0.0280700 0.0261437 0.0055527 0.0007568 0.0264040 0.0282538 0.0287197 0.0056437 0.0125118 0.0120585 0.0288159 0.0115650 0.0276188 0.0267584 0.0274919 0.0021997 0.0281962 0.0282379 0.0284108 0.0053825 0.0273463 0.0278778 0.0285928 0.0279539 0.0278549 0.0055523 0.0280997 0.0285172 0.0053795 0.0278568 0.0276396 0.0058325 0.0283033 0.0058169 0.0282819 0.0284658 0.0125121 0.0280353 0.0278366 0.0287863 0.0286526 0.0280448 0.0280367 0.0126031 0.0056358 0.0056363 0.0056358 0.0056402 0.0280392 0.0281532 0.0287385 0.0059001 0.0292497 0.0127866 0.0060774 0.0287958 0.0055488 0.0294480 0.0299374 0.0059006 0.0058142 0.0284743 0.0281387 0.0288966 0.0058137 0.0067194 0.0281810 0.0057259 0.0296672 0.0056724 0.0020283 0.0010947 0.0012694 0.0056390 0.0060015 0.0007567 0.0288544 0.0289892 0.0291520 0.0284627 0.0281468 0.0276578 0.0286543 0.0285749 0.0055538 0.0292504 0.0292504 0.0288104 0.0288188 0.0281821 0.0282538 0.0281508 0.0280595 0.0288037 0.0057272 0.0287163 0.0010948 0.0282552 0.0289777 0.0126170 0.0058296 0.0127107 0.0270378 0.0272782 0.0286132 0.0301285 0.0256983 0.0286687 0.0274797 0.0272948 0.0261998 0.0288573 0.0289910 0.0287534 0.0291848 0.0283988 0.0299450 0.0292461 0.0283160 0.0286619 0.0304664 0.0283450 0.0119456 0.0283091 0.0087482 0.0325421 0.0268062 0.2886913 0.2847336 0.2855972 0.2852863 0.2870165 0.2873377 0.2871535 0.2868010 0.2869567 0.2854047 
KR534235   0.0141267 0.0040798 0.0039935 0.0272839 0.0039935 0.0283186 0.0047986 0.0274898 0.0283949 0.0042513 0.0045076 0.0285952 0.0000000 0.0004195 0.0004195 0.0284503 0.0035635 0.0034746 0.0034746 0.0033893 0.0033891 0.0034763 0.0005874 0.0272843 0.0265814 0.0036607 0.0033038 0.0007569 0.0274821 0.0232490 0.0229454 0.0043421 0.0026207 0.0270805 0.0137845 0.0128757 0.0140319 0.0275282 0.0269989 0.0067906 0.0428283 0.0428346 0.0605844 0.0128697 0.0144852 0.0398887 0.0605844 0.0128740 0.0137378 0.0038201 0.0042517 0.0352298 0.0034210 0.0277137 0.0045949 0.0122692 0.0134611 0.0237864 0.0234072 0.0233898 0.0228842 0.0128887 0.0139020 0.0227737 0.0286137 0.0037325 0.0045941 0.0037463 0.0272893 0.0059064 0.0282875 0.0291864 0.0040082 0.0267918 0.0034041 0.0035746 0.0037336 0.0025418 0.0283880 0.0289036 0.0024533 0.0037319 0.0016030 0.0285924 0.0269830 0.0208936 0.0008415 0.0248875 0.0041695 0.0056304 0.0040798 0.0274241 0.0003356 0.0036599 0.0005877 0.0284056 0.0032136 0.0033916 0.0006723 0.0034747 0.0033891 0.0285840 0.0036515 0.0005878 0.0283884 0.0033893 0.0035624 0.0285858 0.0037378 0.0281083 0.0039071 0.0005907 0.0269838 0.0037339 0.0037340 0.0010104 0.0039036 0.0037350 0.0037340 0.0270842 0.0282047 0.0282072 0.0282047 0.0284887 0.0037343 0.0039935 0.0041726 0.0289836 0.0011811 0.0271878 0.0289133 0.0010108 0.0281043 0.0048574 0.0046134 0.0285871 0.0285882 0.0040779 0.0038201 0.0010954 0.0286861 0.0069935 0.0005035 0.0287825 0.0041793 0.0284631 0.0275090 0.0272843 0.0273182 0.0286830 0.0287564 0.0286990 0.0033174 0.0039414 0.0037472 0.0039047 0.0038211 0.0032182 0.0040755 0.0039922 0.0282946 0.0036607 0.0036607 0.0008413 0.0008416 0.0036494 0.0037319 0.0038175 0.0037327 0.0008411 0.0286911 0.0007571 0.0272893 0.0037320 0.0034165 0.0267198 0.0287725 0.0272220 0.0059303 0.0088396 0.0145063 0.0055060 0.0045755 0.0043228 0.0040075 0.0052613 0.0059668 0.0048187 0.0052436 0.0042950 0.0044894 0.0054592 0.0052830 0.0136413 0.0043462 0.0144935 0.0142967 0.0043658 0.0237522 0.0056185 0.0291892 0.0064033 0.0038528 0.2923570 0.2873295 0.2902273 0.2913580 0.2889976 0.2902947 0.2896364 0.2916456 0.2926877 0.2918329 
KR534236   0.0138514 0.0038219 0.0037358 0.0269862 0.0037358 0.0280199 0.0045382 0.0271917 0.0280954 0.0039932 0.0042492 0.0282963 0.0004195 0.0000000 0.0000010 0.0281501 0.0033065 0.0032180 0.0032180 0.0031328 0.0031326 0.0032195 0.0003356 0.0269866 0.0262859 0.0034028 0.0030473 0.0005035 0.0271851 0.0229588 0.0226558 0.0040837 0.0023653 0.0267834 0.0135093 0.0126033 0.0137568 0.0272308 0.0267017 0.0065278 0.0427187 0.0427255 0.0604647 0.0125957 0.0142078 0.0397813 0.0604647 0.0126017 0.0134617 0.0035628 0.0039937 0.0351248 0.0031620 0.0275112 0.0043364 0.0119912 0.0131872 0.0234959 0.0231172 0.0231000 0.0225953 0.0126161 0.0136261 0.0224843 0.0283146 0.0034754 0.0043356 0.0034884 0.0269916 0.0056414 0.0279892 0.0288867 0.0037496 0.0264958 0.0031465 0.0033169 0.0034764 0.0022859 0.0280895 0.0286042 0.0021979 0.0034749 0.0013489 0.0282936 0.0266868 0.0205849 0.0005886 0.0245909 0.0039113 0.0053664 0.0038219 0.0271269 0.0000839 0.0034021 0.0003358 0.0281069 0.0029508 0.0031349 0.0004195 0.0032180 0.0031326 0.0282852 0.0033942 0.0003358 0.0280899 0.0031328 0.0033054 0.0282861 0.0034804 0.0278100 0.0036496 0.0003375 0.0266876 0.0034767 0.0034768 0.0007572 0.0036463 0.0034778 0.0034768 0.0267868 0.0279065 0.0279090 0.0279065 0.0281901 0.0034771 0.0037358 0.0039142 0.0286843 0.0009273 0.0268902 0.0286138 0.0007575 0.0278063 0.0045984 0.0043529 0.0282883 0.0282894 0.0038202 0.0035627 0.0008420 0.0283872 0.0067261 0.0002517 0.0284835 0.0039205 0.0281628 0.0272117 0.0269866 0.0270201 0.0283841 0.0284567 0.0283999 0.0030600 0.0036816 0.0034891 0.0036473 0.0035637 0.0029619 0.0038179 0.0037346 0.0279962 0.0034029 0.0034029 0.0005885 0.0005887 0.0033923 0.0034749 0.0035603 0.0034756 0.0005874 0.0283921 0.0005034 0.0269916 0.0034750 0.0031580 0.0264236 0.0284726 0.0269250 0.0056340 0.0084621 0.0142302 0.0052778 0.0042667 0.0040595 0.0037102 0.0049277 0.0055338 0.0045562 0.0049685 0.0040344 0.0042262 0.0051332 0.0049797 0.0133562 0.0040824 0.0142143 0.0140127 0.0040567 0.0234130 0.0053016 0.0288727 0.0062267 0.0035748 0.2921158 0.2870905 0.2899863 0.2911170 0.2887579 0.2900537 0.2893957 0.2914043 0.2924454 0.2915916 
KR534237   0.0138514 0.0038219 0.0037358 0.0269862 0.0037358 0.0280199 0.0045382 0.0271917 0.0280954 0.0039932 0.0042492 0.0282963 0.0004195 0.0000010 0.0000000 0.0281501 0.0033065 0.0032180 0.0032180 0.0031328 0.0031326 0.0032195 0.0003356 0.0269866 0.0262859 0.0034028 0.0030473 0.0005035 0.0271851 0.0229588 0.0226558 0.0040837 0.0023653 0.0267834 0.0135093 0.0126033 0.0137568 0.0272308 0.0267017 0.0065278 0.0427187 0.0427255 0.0604647 0.0125957 0.0142078 0.0397813 0.0604647 0.0126017 0.0134617 0.0035628 0.0039937 0.0351248 0.0031620 0.0275112 0.0043364 0.0119912 0.0131872 0.0234959 0.0231172 0.0231000 0.0225953 0.0126161 0.0136261 0.0224843 0.0283146 0.0034754 0.0043356 0.0034884 0.0269916 0.0056414 0.0279892 0.0288867 0.0037496 0.0264958 0.0031465 0.0033169 0.0034764 0.0022859 0.0280895 0.0286042 0.0021979 0.0034749 0.0013489 0.0282936 0.0266868 0.0205849 0.0005886 0.0245909 0.0039113 0.0053664 0.0038219 0.0271269 0.0000839 0.0034021 0.0003358 0.0281069 0.0029508 0.0031349 0.0004195 0.0032180 0.0031326 0.0282852 0.0033942 0.0003358 0.0280899 0.0031328 0.0033054 0.0282861 0.0034804 0.0278100 0.0036496 0.0003375 0.0266876 0.0034767 0.0034768 0.0007572 0.0036463 0.0034778 0.0034768 0.0267868 0.0279065 0.0279090 0.0279065 0.0281901 0.0034771 0.0037358 0.0039142 0.0286843 0.0009273 0.0268902 0.0286138 0.0007575 0.0278063 0.0045984 0.0043529 0.0282883 0.0282894 0.0038202 0.0035627 0.0008420 0.0283872 0.0067261 0.0002517 0.0284835 0.0039205 0.0281628 0.0272117 0.0269866 0.0270201 0.0283841 0.0284567 0.0283999 0.0030600 0.0036816 0.0034891 0.0036473 0.0035637 0.0029619 0.0038179 0.0037346 0.0279962 0.0034029 0.0034029 0.0005885 0.0005887 0.0033923 0.0034749 0.0035603 0.0034756 0.0005874 0.0283921 0.0005034 0.0269916 0.0034750 0.0031580 0.0264236 0.0284726 0.0269250 0.0056340 0.0084621 0.0142302 0.0052778 0.0042667 0.0040595 0.0037102 0.0049277 0.0055338 0.0045562 0.0049685 0.0040344 0.0042262 0.0051332 0.0049797 0.0133562 0.0040824 0.0142143 0.0140127 0.0040567 0.0234130 0.0053016 0.0288727 0.0062267 0.0035748 0.2921158 0.2870905 0.2899863 0.2911170 0.2887579 0.2900537 0.2893957 0.2914043 0.2924454 0.2915916 
KR534238   0.0277322 0.0273422 0.0272397 0.0022931 0.0272397 0.0004215 0.0289838 0.0057545 0.0005059 0.0287198 0.0284290 0.0006757 0.0284503 0.0281501 0.0281501 0.0000000 0.0276028 0.0277445 0.0277445 0.0277088 0.0277069 0.0278063 0.0283485 0.0012699 0.0123895 0.0287024 0.0276091 0.0285585 0.0022930 0.0269170 0.0268623 0.0272228 0.0266139 0.0110747 0.0272547 0.0270158 0.0274859 0.0008450 0.0108016 0.0264450 0.0402971 0.0400225 0.0562273 0.0269014 0.0279594 0.0387769 0.0562273 0.0270094 0.0275710 0.0280652 0.0286172 0.0364366 0.0265373 0.0024983 0.0290419 0.0263732 0.0268861 0.0273159 0.0273132 0.0273132 0.0263071 0.0265363 0.0273529 0.0129919 0.0056675 0.0281130 0.0290446 0.0288022 0.0012699 0.0141908 0.0054930 0.0062802 0.0293111 0.0124797 0.0288114 0.0290067 0.0279122 0.0258849 0.0057550 0.0009299 0.0262495 0.0281075 0.0284635 0.0058467 0.0125754 0.0119719 0.0286695 0.0115660 0.0272389 0.0264718 0.0273422 0.0023800 0.0280496 0.0280913 0.0281522 0.0055797 0.0269396 0.0275215 0.0284479 0.0278063 0.0277069 0.0057546 0.0279077 0.0283485 0.0055798 0.0277088 0.0274907 0.0055792 0.0278035 0.0054948 0.0278035 0.0282920 0.0125757 0.0278882 0.0276886 0.0286423 0.0284034 0.0278896 0.0278896 0.0126672 0.0058385 0.0058385 0.0058385 0.0058431 0.0278896 0.0279984 0.0283023 0.0061045 0.0291075 0.0128517 0.0062830 0.0286518 0.0057510 0.0293070 0.0297983 0.0060176 0.0060182 0.0283289 0.0279920 0.0287530 0.0060176 0.0063894 0.0280344 0.0059293 0.0292055 0.0055889 0.0016964 0.0012699 0.0011003 0.0058419 0.0058500 0.0007604 0.0287078 0.0287093 0.0290067 0.0282086 0.0279920 0.0275090 0.0282000 0.0282000 0.0056671 0.0291082 0.0291082 0.0286664 0.0286664 0.0279080 0.0281075 0.0280041 0.0279043 0.0286597 0.0059301 0.0285718 0.0012701 0.0281090 0.0287104 0.0124873 0.0057541 0.0127719 0.0265395 0.0267135 0.0281580 0.0300024 0.0254691 0.0282709 0.0270887 0.0269188 0.0258803 0.0285132 0.0285250 0.0284093 0.0289869 0.0280302 0.0295993 0.0288907 0.0281172 0.0283138 0.0300102 0.0280576 0.0116308 0.0280710 0.0086556 0.0321314 0.0264379 0.2878904 0.2839386 0.2847995 0.2844905 0.2862180 0.2865362 0.2863524 0.2860012 0.2861558 0.2846081 
KR534244   0.0129216 0.0032242 0.0031383 0.0267732 0.0031383 0.0277825 0.0031547 0.0263571 0.0278623 0.0028797 0.0027940 0.0280815 0.0035635 0.0033065 0.0033065 0.0276028 0.0000000 0.0002519 0.0002519 0.0005038 0.0001679 0.0002520 0.0034776 0.0267736 0.0257651 0.0038357 0.0004198 0.0036500 0.0269708 0.0223531 0.0222547 0.0032259 0.0017722 0.0264572 0.0126629 0.0116871 0.0130135 0.0266920 0.0263540 0.0059048 0.0416844 0.0416196 0.0595701 0.0116657 0.0133525 0.0390866 0.0595701 0.0116856 0.0128079 0.0004198 0.0027089 0.0342405 0.0001694 0.0270639 0.0032222 0.0110465 0.0122530 0.0230868 0.0227153 0.0226985 0.0219789 0.0118709 0.0128705 0.0218848 0.0273745 0.0005038 0.0032224 0.0039218 0.0267736 0.0040587 0.0273754 0.0282721 0.0041811 0.0259597 0.0035781 0.0037498 0.0010105 0.0011822 0.0276750 0.0283863 0.0010116 0.0005038 0.0038230 0.0278785 0.0263628 0.0195413 0.0036518 0.0239608 0.0031383 0.0045785 0.0032242 0.0268903 0.0032209 0.0004220 0.0033069 0.0276695 0.0048780 0.0003358 0.0035633 0.0002519 0.0001679 0.0276727 0.0002520 0.0034776 0.0276754 0.0005038 0.0003358 0.0274525 0.0001680 0.0269888 0.0003358 0.0034079 0.0263636 0.0005038 0.0005038 0.0039100 0.0007572 0.0006733 0.0006733 0.0264626 0.0276921 0.0276921 0.0276921 0.0277753 0.0005038 0.0012650 0.0005891 0.0280704 0.0040876 0.0265657 0.0283985 0.0039115 0.0275921 0.0035667 0.0047908 0.0278733 0.0278744 0.0008422 0.0005891 0.0039976 0.0279720 0.0059136 0.0033943 0.0278703 0.0040080 0.0274182 0.0265303 0.0267736 0.0264988 0.0277713 0.0276117 0.0279846 0.0034918 0.0038543 0.0039224 0.0005038 0.0005891 0.0003358 0.0005038 0.0005878 0.0273822 0.0038361 0.0038361 0.0037370 0.0037370 0.0003359 0.0005038 0.0005878 0.0005038 0.0037359 0.0279769 0.0036517 0.0267785 0.0005038 0.0034193 0.0259761 0.0276496 0.0265941 0.0055349 0.0074568 0.0132974 0.0050495 0.0041629 0.0042346 0.0036114 0.0033781 0.0051004 0.0046439 0.0052329 0.0042945 0.0046640 0.0036192 0.0054848 0.0127837 0.0042579 0.0134465 0.0132541 0.0038515 0.0230265 0.0035154 0.0286222 0.0055231 0.0032038 0.2913691 0.2863506 0.2887680 0.2897650 0.2880158 0.2893076 0.2891228 0.2906569 0.2912203 0.2903715 
KR534245   0.0131868 0.0031357 0.0030500 0.0265857 0.0030500 0.0276163 0.0033272 0.0265888 0.0276906 0.0028774 0.0030483 0.0278924 0.0034746 0.0032180 0.0032180 0.0277445 0.0002519 0.0000000 0.0000010 0.0004195 0.0000839 0.0001678 0.0033889 0.0265861 0.0257762 0.0037465 0.0003356 0.0035616 0.0267831 0.0225678 0.0222657 0.0033957 0.0016858 0.0262706 0.0128453 0.0117667 0.0130928 0.0268279 0.0261879 0.0059045 0.0415552 0.0415705 0.0598297 0.0117549 0.0135378 0.0390696 0.0598297 0.0117652 0.0127959 0.0005034 0.0028777 0.0344338 0.0002540 0.0271637 0.0031346 0.0111383 0.0125268 0.0231044 0.0227264 0.0227096 0.0222061 0.0119597 0.0129603 0.0219013 0.0275126 0.0004195 0.0031340 0.0038322 0.0265909 0.0042340 0.0273865 0.0280828 0.0040942 0.0259852 0.0034898 0.0036604 0.0009256 0.0011813 0.0274864 0.0281994 0.0009262 0.0004195 0.0039069 0.0276896 0.0261758 0.0196261 0.0036485 0.0239948 0.0032241 0.0045753 0.0031357 0.0267243 0.0031325 0.0003372 0.0033051 0.0275034 0.0049670 0.0004195 0.0034744 0.0001678 0.0000839 0.0274841 0.0003361 0.0033914 0.0274868 0.0004195 0.0002517 0.0276804 0.0004201 0.0272074 0.0005878 0.0034077 0.0261765 0.0004195 0.0004195 0.0038206 0.0007566 0.0005886 0.0005885 0.0262754 0.0275034 0.0275059 0.0275034 0.0275866 0.0004195 0.0011796 0.0008432 0.0278814 0.0039978 0.0263784 0.0282089 0.0038221 0.0274035 0.0034777 0.0046997 0.0276845 0.0276855 0.0007571 0.0005034 0.0039081 0.0277830 0.0059143 0.0033056 0.0276815 0.0042653 0.0275560 0.0267484 0.0265861 0.0266166 0.0275826 0.0276529 0.0279957 0.0034030 0.0039408 0.0038330 0.0005875 0.0005036 0.0002517 0.0007566 0.0006728 0.0273933 0.0037465 0.0037465 0.0036479 0.0036488 0.0003359 0.0004195 0.0005034 0.0004196 0.0036468 0.0277879 0.0035627 0.0265909 0.0004195 0.0035026 0.0259128 0.0276683 0.0264114 0.0057323 0.0075816 0.0135631 0.0051633 0.0042666 0.0044099 0.0038088 0.0034881 0.0052441 0.0048183 0.0054162 0.0044695 0.0047515 0.0037267 0.0055860 0.0129732 0.0043458 0.0136316 0.0134427 0.0040566 0.0230644 0.0036198 0.0286626 0.0055231 0.0033887 0.2916029 0.2865820 0.2890012 0.2899981 0.2882479 0.2895411 0.2893561 0.2908909 0.2914549 0.2906051 
